0.046664,13.034516,24.886296,12.651812,25.248484,0.72231096230341,4.86635050320041
0.083744,13.054216,24.961936,12.651812,25.219836,1.0759842061523,4.87504556298597
0.1139408,13.044366,24.905206,12.595698,25.152992,1.23825768233297,4.88034571639525
0.150248,13.073916,24.914661,12.576994,25.124344,1.48533216542104,4.83915988651968
0.1878096,12.995117,24.914661,12.605051,25.133893,1.15263812318632,4.95001947301664
0.216376,13.103466,24.839020,12.623755,25.162541,1.11025712145447,4.64906432317082
0.2464784,13.152715,24.971391,12.679868,25.238934,1.24824323817834,4.65312722048904
0.2961968,13.152715,24.886296,12.670516,25.105246,1.41547270035638,4.44818334027649
0.3277968,13.241365,24.649919,12.707925,25.009754,1.16082885866766,3.85666237631589
0.3578176,13.241365,24.593188,12.735982,25.019303,0.890762103793647,3.75223787529251
0.3990736,13.408813,24.621554,12.726629,24.990656,1.55856900249201,3.43961482759658
0.4301136,13.487612,24.621554,12.838856,24.942910,1.59772702256766,3.0142353367783
0.4801488,13.625511,24.574278,12.941731,24.809221,1.94315287161557,2.35373070782322
0.5201504,13.615661,24.545913,12.941731,24.818770,1.80743084637643,2.35319822851462
0.5504256,13.625511,24.574278,12.885617,24.828320,2.04934062041011,2.48337491699314
0.5812368,13.576262,24.593188,12.885617,24.723279,2.26523964004255,2.48930542613072
0.6113888,13.605811,24.631009,12.913674,24.723279,2.37540304800504,2.41633427147201
0.6674576,13.586112,24.612099,12.876265,24.694631,2.45619214525916,2.47809876976715
0.7024144,13.546712,24.545913,12.876265,24.685082,2.18409252128543,2.47565453828745
0.7363072,13.458063,24.536458,12.979140,24.799672,1.28005206980232,2.55828890969172
0.7727632,13.477763,24.593188,12.913674,24.904713,1.38425095979583,2.81738607416047
0.8039776,13.448213,24.527003,12.941731,24.895164,1.0587368327222,2.74110602010657
0.8337984,13.389113,24.527003,12.969787,24.866516,0.89183072144482,2.77200105207207
0.875288,13.379263,24.527003,12.951083,24.914262,0.780649806262404,2.87801647872989
0.904968,13.349714,24.536458,13.007196,24.981107,0.372306265273946,2.90560463066389
0.935256,13.349714,24.489183,12.997844,24.971557,0.291019039353236,2.86459336413911
0.9673856,13.379263,24.460817,13.082014,25.000205,-0.0267541291363663,2.64207250490745
1.0076896,13.369413,24.441907,13.091366,24.952459,0.000130121060164301,2.57321885251291
1.039056,13.359564,24.404087,12.997844,24.962008,0.10276958353542,2.74620018047068
1.0701344,13.320164,24.271716,13.007196,24.904713,-0.253927397872248,2.6059971627195
1.1090848,13.418663,24.290626,13.119423,24.914262,-0.263510917446897,2.22272723706656
1.140176,13.517162,24.366267,13.138128,25.028852,-0.143484842054617,2.19428283763257
1.1701488,13.448213,24.309536,13.184889,25.000205,-0.554558599527939,2.1477083117124
1.2027232,13.527012,24.328446,13.166184,24.904713,0.0494148734840932,1.94988630180007
1.2414208,13.487612,24.196075,13.147480,24.904713,-0.389688065165844,1.92321168041336
1.273808,13.546712,24.243351,13.156832,24.981107,-0.328200852616289,1.92055110069096
1.328992,13.527012,24.252806,13.128775,24.971557,-0.250760108279725,2.01348063504304
1.3674848,13.408813,24.233896,13.147480,24.981107,-0.724562045822486,2.19779999996029
1.3951504,13.507312,24.205530,13.082014,25.028852,-0.47275323139111,2.15370741995089
1.4250832,13.408813,24.318991,13.091366,25.019303,-0.429257748893646,2.4372837066907
1.4700896,13.418663,24.281171,13.063310,25.028852,-0.456958705169192,2.44319801474552
1.4976688,13.369413,24.394632,13.082014,25.086148,-0.488500303871663,2.68201678242952
1.5276672,13.418663,24.422997,12.988492,25.076598,0.0264636928896284,2.78836144724482
1.5626976,13.320164,24.404087,13.044605,25.076598,-0.469369845438038,2.85167493292003
1.5990784,13.261064,24.394632,12.969787,25.067049,-0.426431410898556,3.09493905544189
1.629072,13.300464,24.527003,12.988492,25.114795,-0.122713267977545,3.16835635649085
1.6590656,13.280764,24.479728,13.025901,25.238934,-0.772509239329146,3.21344412751371
1.700312,13.192115,24.517548,12.904322,25.219836,-0.519625683135744,3.64627728674538
1.75,13.014817,24.583733,12.876265,25.133893,-0.514884107217396,4.03192693932229
1.7802032,12.995117,24.706649,12.810800,25.191189,-0.194857349842479,4.38644600190599
1.8213616,13.034516,24.782290,12.801447,25.238934,0.0256322121671547,4.45333718043528
1.8512496,13.034516,24.782290,12.876265,25.229385,-0.159938899458091,4.29541150020633
1.8813792,13.113316,24.820110,12.866913,25.258033,0.118566404320811,4.22627826354931
1.9149552,12.936017,24.914661,12.792095,25.219836,0.203536313449249,4.78302657642666
1.97128,12.837518,24.848475,12.735982,25.267582,-0.244640563989153,5.07197729614793
2.0040064,12.876918,24.895751,12.801447,25.238934,-0.1007839296363,4.8820895533734
2.039056,12.857218,24.905206,12.773391,25.267582,-0.13182859345111,5.01589572909984
2.0753312,12.837518,24.886296,12.810800,25.200738,-0.158770315704668,4.89331928279151
2.1078192,12.945867,24.848475,12.782743,25.143443,0.286762062841524,4.63643777479239
2.1363936,13.004967,24.857930,12.792095,25.133893,0.483498983826366,4.50038511223664
2.1877168,12.965567,24.857930,12.801447,25.124344,0.371359010656547,4.5502581855718
2.2189904,13.014817,24.886296,12.848208,25.133893,0.432658123184861,4.3986616992408
2.2488848,13.054216,24.772835,12.876265,25.105246,0.222608221593836,4.11925861438764
2.28892,13.054216,24.725559,12.885617,25.028852,0.278476136780398,3.97330806622869
2.3188256,13.083766,24.772835,12.941731,25.114795,0.0935520916850467,3.94130872815155
2.35024,13.142865,24.706649,12.951083,25.133893,-0.00760738028971564,3.75776877923336
2.3825408,13.201965,24.649919,12.969787,24.981107,0.380944648874265,3.38761134894741
2.4313376,13.142865,24.517548,12.923026,25.028852,-0.170823194827784,3.50850802959442
2.4624992,13.261064,24.527003,13.016549,24.962008,0.119411588374022,3.03148851503168
2.4925472,13.320164,24.479728,13.119423,25.047951,-0.383565231719107,2.7542081237112
2.5439344,13.448213,24.309536,13.100719,24.866516,0.0648006436441162,2.17109455443252
2.5902336,13.487612,24.252806,13.203593,24.723279,0.130244564545372,1.68144651970255
2.6303168,13.586112,24.120435,13.362581,24.751926,-0.501167090553893,1.07026400169302
2.6664768,13.536862,24.148800,13.446751,24.685082,-0.610332446978423,0.961446844163927
2.6977168,13.448213,24.101525,13.456103,24.627787,-0.865276012998291,1.00322277234717
2.727816,13.507312,24.120435,13.428047,24.751926,-0.913379573268546,1.09611315963962
2.7801568,13.527012,24.167710,13.418694,24.761475,-0.721439570985609,1.13673834568872
2.8087952,13.507312,24.092070,13.418694,24.761475,-0.995567100846708,1.09413858687131
2.8400128,13.467913,24.082614,13.409342,24.962008,-1.67694488268371,1.39241459263014
2.8826256,13.428513,24.139345,13.343877,24.933361,-1.36119757131484,1.6259407199695
2.9126384,13.389113,23.988064,13.381285,24.876066,-1.85572600679381,1.40788164883197
2.9412416,13.369413,24.016429,13.399990,24.942910,-2.07239240158231,1.51127640025986
2.9752448,13.497462,24.025884,13.465456,24.942910,-1.85967946749298,1.14564791632094
3.0176912,13.408813,24.035339,13.381285,24.933361,-1.82392986778477,1.48096832221771
3.0637744,13.467913,23.893513,13.446751,24.914262,-2.19421989984336,1.06718929655101
3.0991504,13.487612,23.798962,13.474808,24.818770,-2.22084278031019,0.770559330031826
3.1350288,13.576262,23.836783,13.502864,24.828320,-1.96059496198689,0.595448719940702
3.1651952,13.536862,24.016429,13.502864,24.914262,-1.79802603163454,0.956381317517785
3.1989504,13.615661,24.016429,13.587035,24.837869,-1.59305414666865,0.56021373790394
3.2539952,13.684611,23.893513,13.577682,24.713730,-1.37169890890487,0.1796289523494
3.2878224,13.635361,23.931333,13.512217,24.771025,-1.38152644119162,0.503285086600446
3.318784,13.615661,23.902968,13.521569,24.713730,-1.38446775072763,0.431006824231911
3.3689104,13.674761,23.884058,13.493512,24.618238,-0.918256031299193,0.247498053202936
3.4001504,13.684611,23.874603,13.558978,24.599139,-1.04872876167124,0.0712635022088932
3.4301968,13.733860,23.865148,13.540273,24.599139,-0.881031297482541,0.00215529142549542
3.4814288,13.783110,23.817872,13.540273,24.513197,-0.631154602027441,-0.237396097944924
3.5113904,13.871759,23.893513,13.727318,24.475000,-0.581809047280176,-0.725406973979226
3.5526736,13.901309,23.855693,13.671205,24.398607,-0.229403238881035,-0.799318055757542
3.5940992,13.881609,23.704412,13.820840,24.379508,-1.09123144428912,-1.23446770563207
3.625344,13.940709,23.666591,13.839545,24.322213,-0.92056234270284,-1.48763256075251
3.66624,13.980108,23.676046,13.895658,24.408156,-1.18222141386222,-1.56422331321376
3.71136,13.989958,23.581496,13.989180,24.274467,-1.31240166486199,-2.01278418198673
3.746416,13.960408,23.496400,13.951771,24.293566,-1.59137965164544,-1.9588579828191
3.7762976,13.950559,23.543675,13.914363,24.322213,-1.45848674942406,-1.78475859795929
3.81132,13.989958,23.543675,14.007885,24.341311,-1.66314073228405,-2.0160748336399
3.8525408,13.980108,23.590951,14.063998,24.293566,-1.57888257098455,-2.10426055258526
3.8901024,14.078607,23.420759,14.185577,24.178975,-1.80533450530136,-2.83750203053377
3.9188416,14.088457,23.382939,14.241691,24.026189,-1.61301055983191,-3.17586625012194
3.971384,14.088457,23.288388,14.279099,24.035738,-2.01919805772972,-3.3421734968326
4.0002,14.177107,23.307299,14.363269,24.026189,-1.91876870298463,-3.65632146501859
4.0301728,14.157407,23.212748,14.353917,24.035738,-2.24971499910532,-3.69800270997157
4.0812976,14.068758,23.231658,14.419383,24.083484,-2.770565135948,-3.5790629211203
4.11276,14.098307,23.193838,14.344565,24.217172,-2.95990683135686,-3.38583803144758
4.142584,13.970258,23.241113,14.307156,24.322213,-3.38418320357678,-2.90323622307855
4.1939648,13.970258,23.222203,14.251043,24.322213,-3.28188350520436,-2.81855319031766
4.2250672,13.970258,23.316754,14.232338,24.398607,-3.16885036367393,-2.59207606864465
4.2552144,13.989958,23.212748,14.251043,24.312664,-3.2252867611429,-2.87705522121001
4.3016288,13.950559,23.316754,14.185577,24.389057,-3.06818236910386,-2.47716471244199
4.3464496,13.970258,23.260023,14.204282,24.427254,-3.33527425228176,-2.57043216972934
4.3774992,13.950559,23.203293,14.194929,24.408156,-3.47792810319216,-2.6002272950512
4.4177824,13.950559,23.156017,14.260395,24.398607,-3.77232607672493,-2.78757088765723
4.4478512,13.960408,23.156017,14.260395,24.446352,-3.87716187464736,-2.75270291987922
4.4903248,13.930859,23.174928,14.241691,24.455902,-3.8825869984044,-2.62972465410097
4.5488048,13.950559,23.222203,14.279099,24.484549,-3.87200300411018,-2.6527453375392
4.5812736,13.911159,23.118197,14.269747,24.513197,-4.34405895411772,-2.64488555379028
4.6100896,13.960408,23.061467,14.325861,24.513197,-4.52234056427761,-2.90722147903965
4.651552,13.940709,23.108742,14.269747,24.494098,-4.23206960930344,-2.73263932486842
4.6812192,13.901309,22.957461,14.251043,24.560943,-4.92457647623193,-2.71738125483245
4.7125728,13.842209,23.137107,14.213634,24.646885,-4.70654164179934,-2.23813313712111
4.74776,13.852059,23.174928,14.110759,24.627787,-4.22705314617534,-2.04091247106945
4.7938656,13.861909,23.165472,14.185577,24.665984,-4.5410731526616,-2.16955244470274
4.8252208,13.792960,23.127652,14.185577,24.685082,-4.9066396123814,-2.05962139327324
4.8552048,13.901309,23.061467,14.063998,24.618238,-4.25745838327947,-2.18248192973876
4.907752,13.911159,23.165472,14.138816,24.713730,-4.40001021203802,-2.12126769963616
4.9367008,13.842209,23.108742,14.204282,24.675533,-4.8432567655698,-2.22010213864566
4.9675952,13.861909,23.174928,14.204282,24.665984,-4.56552313144181,-2.19447006013917
5.0090384,13.891459,23.184383,14.166873,24.637336,-4.2676278878765,-2.20090925591354
5.0403344,13.921009,23.137107,14.194929,24.551393,-4.15784747990857,-2.45826792767497
5.07032,13.871759,23.137107,14.185577,24.475000,-4.06202921838502,-2.43256029228747
5.1013632,13.989958,23.193838,14.232338,24.436803,-3.57575708463114,-2.72389236578507
5.1563408,14.029358,23.193838,14.297804,24.398607,-3.53744083034268,-2.96432720247413
5.1913072,14.029358,23.174928,14.325861,24.408156,-3.69753359265552,-3.02762137214654
5.2290672,14.098307,23.137107,14.400678,24.322213,-3.57595088660622,-3.43673879666507
5.2627776,14.058908,23.127652,14.353917,24.245820,-3.37331988116707,-3.37168326635755
5.292736,14.108157,23.137107,14.391326,24.217172,-3.22718233163541,-3.55613317132751
5.3241392,14.098307,23.099287,14.428735,24.217172,-3.47057240184845,-3.65057063031908
5.3782672,14.098307,23.174928,14.475496,24.112131,-3.08742956978725,-3.77148572297522
5.4065008,14.137707,23.222203,14.410031,24.121680,-2.67913116150184,-3.65836993165441
5.4375936,14.127857,23.184383,14.475496,24.054836,-2.81343676575572,-3.88102954265305
5.479048,14.206656,23.156017,14.494201,24.016639,-2.61248852322312,-4.13896183735663
5.517904,14.147557,23.118197,14.522257,23.930697,-2.73079488107826,-4.22181627552966
5.55024,14.157407,23.127652,14.578371,23.997541,-3.02024390782433,-4.25817548092882
5.6038928,14.157407,23.023646,14.634484,23.921148,-3.26562677909125,-4.56882860679108
5.6312928,14.196806,23.080377,14.718654,23.949795,-3.30238747686642,-4.70133326976883
5.6614656,14.206656,22.976371,14.774768,23.882951,-3.54602304825439,-5.01969367869618
5.7153856,14.127857,22.948006,14.737359,23.797008,-3.51250814758166,-4.93489906138488
5.7540672,14.255906,23.042557,14.868290,23.892500,-3.49873647216611,-5.19737356307137
5.8049392,14.206656,22.985826,14.858938,23.835205,-3.62041911359222,-5.2199063085833
5.8439648,14.216506,22.995281,14.840233,23.816107,-3.45849877891054,-5.21458820594876
5.8764208,14.226356,23.033101,14.830881,23.816107,-3.29377874360989,-5.17200263071925
5.9062832,14.236206,23.033101,14.756063,23.825656,-3.08226085388777,-5.04048451303689
5.9374688,14.226356,22.966916,14.812176,23.825656,-3.46053362122374,-5.20247908813304
5.9763824,14.147557,23.042557,14.784120,23.768361,-3.2304154256693,-4.98284902748104
6.0077376,14.216506,23.004736,14.830881,23.749262,-3.2174947382231,-5.2633428347413
6.0413488,14.246056,23.108742,14.812176,23.758811,-2.80420013342231,-5.1527587129611
6.0813136,14.246056,23.023646,14.905699,23.682418,-3.0990584269904,-5.51203424733522
6.11028,14.246056,23.061467,14.896347,23.653770,-2.88267458502091,-5.4841322159257
6.14128,14.265756,23.070922,14.989869,23.586926,-2.87300238048525,-5.75976398874696
6.1763264,14.265756,22.966916,15.092743,23.510533,-3.24913786504895,-6.15887876580982
6.2125904,14.275606,22.862910,15.064687,23.539180,-3.52479298839266,-6.21310823914301
6.252584,14.265756,22.862910,15.148857,23.434139,-3.49497758070442,-6.47275469724273
6.2862992,14.285456,22.900730,15.139504,23.567828,-3.67561770688517,-6.29158546670538
6.335104,14.334705,22.929096,15.176913,23.644221,-3.76767248716938,-6.32887408821482
6.3653504,14.186956,22.853455,15.036630,23.672869,-4.10667285303153,-5.85305785791362
6.3990096,14.177107,22.825090,15.027278,23.615574,-4.03191144060843,-5.91711536585389
6.4403024,14.147557,22.938551,14.971164,23.720615,-3.92373090009633,-5.5050660983262
6.477848,14.275606,23.014191,14.915051,23.758811,-3.28092415591876,-5.50671599167429
6.5089776,14.236206,23.127652,14.821529,23.634672,-2.45539669833974,-5.27294123074972
6.561224,14.374105,23.581496,14.559666,23.338648,0.827233357161167,-4.86133457192204
6.5903728,14.393805,23.959699,13.905010,23.548730,3.23338667633412,-3.00516531913829
6.6314416,14.324855,23.827328,13.876954,23.443689,3.04907019298817,-3.08924469378079
6.6828608,14.443054,23.817872,14.185577,23.491434,2.32847673093683,-3.84893816809376
6.7125632,14.482454,24.016429,14.045294,23.300451,3.95538387115288,-3.65141774264464
6.7425968,14.571103,24.451362,13.820840,22.803893,7.52596345280554,-3.46592242867161
6.7925552,15.299997,26.862406,12.446063,21.657992,23.5392150796371,-0.840216033634768
6.8263648,15.881142,28.403583,11.211568,20.473893,36.5691330066576,0.797120114425066
6.884032,16.885833,30.880812,9.434645,17.886066,59.6156606674464,2.1859810835645
6.9163328,17.013004,33.178394,8.181446,16.396393,74.8297285977018,5.27963341866599
6.9461776,17.257020,34.199542,7.498734,17.085037,77.1752200500107,7.87927925867929
6.9763616,17.178935,34.700661,6.956304,16.476345,82.4401218749896,9.04021776215995
7.0288752,17.178935,34.350823,7.274280,16.756536,79.4550921787334,8.32087704850409
7.068792,16.216039,30.426968,9.200839,19.098811,53.6553980853964,4.78071686734642
7.1014016,14.265756,25.075397,11.978451,23.930697,10.5378284284967,2.59013429152319
7.1503456,9.025601,15.998290,15.728695,33.642213,-70.1897389794298,6.24190565801083
7.1841216,6.513872,12.125726,17.482364,41.443893,-111.783453738472,11.5717058045873
7.2113632,5.903178,11.809402,19.779417,46.619549,-124.653225408759,12.4896949067064
7.2525472,6.139575,11.473908,20.951007,46.447664,-126.123943375196,9.45103412969269
7.2842032,6.415373,10.793334,22.002670,44.031721,-126.322904453688,4.27109997319122
7.3126032,6.425223,10.007318,22.021120,40.937787,-126.213390470866,0.413636342558885
7.345384,6.464623,9.786851,21.947319,39.629549,-125.420778840309,-1.12631926751178
7.3854352,6.878319,9.585554,22.602302,38.082582,-123.432229917959,-5.01780237706523
7.4164752,7.085167,9.738923,22.740679,38.378607,-122.373152750048,-5.13943164790151
7.4479152,7.055618,9.566383,22.593077,37.757910,-122.33170099317,-5.71460096767126
7.4965408,6.819220,9.384257,22.260973,37.557377,-123.545600167358,-5.1083816463185
7.5288096,5.913027,8.588656,21.052483,36.449672,-128.62940757099,-3.27908250495849
7.560184,5.568280,8.061451,20.572777,34.644877,-130.11517241427,-4.46347601704402
7.6115232,5.322032,7.332949,20.591227,32.066598,-131.93837978654,-8.35326129204838
7.642752,5.184134,6.489420,20.498976,28.972664,-133.169943077188,-13.6607888296449
7.6741264,4.809837,6.192268,20.093071,28.084590,-135.337283612147,-13.8354930284425
7.7152688,4.415840,6.470249,19.013733,29.564713,-136.567569283522,-7.72694697549986
7.7641616,3.893795,7.035797,17.030334,31.646434,-136.440163107924,2.07036448528387
7.7950768,4.061243,7.582173,17.412096,32.419918,-133.826284415226,2.46685396699769
7.827728,4.898486,8.396945,16.476827,33.317541,-124.586627685809,4.85898058166805
7.8663696,6.907869,10.007318,20.157647,38.006189,-118.282045267076,-0.0854193929416454
7.896536,8.946801,10.151102,26.126295,38.684180,-117.283635226762,-13.1952064803366
7.9264096,10.443989,9.470527,30.674276,37.013074,-117.402462980155,-24.9107135570421
7.9776016,11.054683,8.483215,33.294208,34.530287,-118.999295845,-33.6354140410115
8.009016,10.010592,7.304192,35.332958,33.928689,-129.238782432634,-37.3055995125215
8.0399824,9.202899,6.537348,37.454734,33.317541,-137.055458235995,-40.8570212293048
8.0803024,8.533105,5.933458,37.436284,31.474549,-140.707736430147,-43.5986329306827
8.1101232,8.671004,5.665062,37.131855,29.077705,-138.767945892339,-47.5467181826356
8.1639488,8.966501,5.914287,35.083880,28.552500,-133.772930722824,-45.8073857070278
8.2140272,8.542955,5.118686,36.080192,27.062828,-138.816332094508,-50.359781057924
8.254216,8.109559,4.917389,37.325583,27.311107,-143.206807875255,-51.2784698218709
8.2878192,8.661154,4.879047,39.216731,26.518525,-141.880129905262,-55.5919359991885
8.3315888,8.936952,4.495625,39.438133,24.522746,-140.68385202391,-60.4051520634157
8.3678992,9.665845,4.543553,40.157692,23.367295,-136.686367018312,-64.0285233102619
8.3977424,10.148491,4.409355,40.286844,22.345533,-134.173763187427,-66.8658176944621
8.4602784,10.581887,4.533967,40.683524,22.097254,-131.812550857978,-67.9444448083713
8.4913712,11.941176,4.658579,41.421533,21.065943,-124.953157137256,-71.7318155412255
8.5251648,12.276073,5.013245,41.338507,21.600697,-122.524387931496,-70.2591676066532
8.5650864,12.384422,5.003659,40.886476,21.428811,-121.373024412909,-70.2799464167023
8.5941216,12.423822,5.089929,40.563597,21.342869,-120.351088032882,-70.0094286567839
8.6276016,12.492771,5.511694,40.443671,22.632008,-119.685318805615,-66.7518477141427
8.670272,12.285923,5.847188,39.096804,23.720615,-118.843245524917,-62.6141010845732
8.7064816,11.655528,6.393564,35.849564,25.133893,-116.949711785181,-54.9396896742563
8.7391344,11.212282,6.633203,33.958416,25.640000,-116.059595842761,-50.8783937557984
8.7713936,10.611437,7.007040,31.633688,26.976885,-115.758932563852,-44.2474172616024
8.8089904,10.069692,7.457561,29.502687,28.304221,-115.09445288487,-37.6592660838447
8.840104,9.616596,7.706785,27.860617,29.306885,-115.139063712556,-32.6022507925016
8.870176,9.183199,7.840983,26.356923,29.641107,-114.887933646298,-28.8611133925998
8.920224,8.483855,7.946424,24.401199,30.137664,-115.591140715027,-23.5414782357533
8.9512448,8.375506,7.965595,23.866143,30.061270,-115.141145648126,-22.5072155607277
9.0163536,8.316407,8.090208,24.050645,30.653320,-115.934624691845,-21.6704881033398
9.0479104,8.611904,7.927253,24.927031,30.166311,-115.861328179175,-24.6443573428852
9.0841952,8.936952,8.071036,25.969468,30.681967,-115.856413703476,-25.9396347409914
9.1165632,8.927102,8.099793,26.061719,30.739262,-115.973649663824,-25.9475812903704
9.1552832,8.838452,7.783470,25.987919,29.612459,-116.181563288319,-27.83690804276
9.1863712,8.868002,7.716371,26.043269,29.450123,-116.20730254831,-28.3259355259117
9.216336,8.897552,7.639686,26.578326,29.631557,-117.404554011137,-29.079383313346
9.2576464,8.730103,7.639686,26.661352,29.593361,-118.236719482171,-29.0020715336571
9.2877776,9.153650,7.620515,27.168733,29.230492,-116.575961374984,-31.0692849662842
9.3190672,9.596896,8.128550,27.279434,30.051721,-113.578539085221,-29.912356635715
9.3491968,10.375039,8.847466,26.901205,30.214057,-106.803154115388,-29.2267812687801
9.4077504,11.182732,9.834778,24.391974,30.787008,-96.400564349741,-24.3417544110337
9.440216,12.157874,10.342813,22.676103,29.039508,-84.5605611194822,-24.9063646988597
9.4724704,13.211815,11.358881,21.467613,28.485656,-73.0753303837659,-23.9917366528001
9.5227408,14.167257,12.739201,20.065396,29.049057,-62.5824367064443,-20.5625605580186
9.5564624,15.083299,14.809681,18.054321,28.361516,-46.214194343825,-16.9033942379452
9.587592,15.565945,16.161244,17.463914,27.186967,-35.9695557512492,-16.4919367796705
9.646568,15.674294,17.493636,16.698230,26.489877,-27.7474949524599,-14.5575779756064
9.6874144,15.841742,17.568070,17.571084,24.866516,-25.1053283860113,-18.3329877418722
9.7264784,15.861442,18.636493,17.299869,23.691967,-17.960381155024,-18.0491892367677
9.7576992,15.831892,19.355078,17.000598,23.529631,-14.6143793032087,-16.758206531686
9.7890896,16.019041,20.120939,16.879019,22.975779,-9.91934254310629,-16.593813626378
9.8199872,16.127390,20.508597,16.691974,22.641557,-7.02380923282333,-16.3904491406573
9.8602704,16.235739,20.877345,16.373999,22.059057,-3.11904662681604,-16.3097953078697
9.8914624,16.373638,21.094812,16.467521,21.581598,-1.00098517377713,-17.0457287771956
9.922888,16.580486,21.340643,16.430112,21.218730,1.44380358216748,-17.4881838907415
9.9604992,16.629736,21.406829,16.420760,21.142336,2.0196325408404,-17.5693968031884
10.0025216,16.378564,21.482470,16.720031,20.693525,1.95073411567903,-18.1455365104639
10.032552,16.495691,21.510835,16.841610,20.454795,2.70536319132753,-18.830552232354
10.0665216,16.485931,21.454104,16.953837,20.282910,2.68911221105973,-19.3106941212655
10.1142016,16.534734,21.577020,16.953837,20.177869,3.48364637620136,-19.3687026648676
10.1455376,16.603058,21.652661,17.084768,20.044180,3.89974127636904,-19.7812680508002
10.176624,16.573776,21.633751,17.150234,20.120574,3.35058817825783,-19.7641281081648
10.2253232,16.368803,21.605386,17.028655,20.282910,2.56924231998235,-19.0357648887626
10.2665824,16.885833,21.699936,17.019302,20.492992,3.71777903131542,-19.4771836859709
10.3291472,16.718385,21.491925,17.047359,20.559836,2.3859449411747,-19.4339096627471
10.3608592,16.511537,21.491925,16.991246,20.750820,1.41086312996403,-18.7388650136656
10.3889648,16.619886,21.463559,16.991246,20.836762,1.39223559603178,-18.8438631959729
10.425072,16.610036,21.577020,17.140881,20.674426,1.7226882271819,-19.142454403257
10.4728464,16.669135,21.473014,17.281165,20.683975,1.16726065400923,-19.6001708649824
10.5039168,16.639585,21.501380,17.084768,20.789016,1.42469333318517,-19.0462812272427
10.5341376,16.590336,21.463559,17.094120,20.827213,1.04147764005037,-18.9791683095574
10.5752288,16.639585,21.416284,17.056711,20.683975,1.56399351932361,-19.2530726587678
10.6052496,16.590336,21.463559,16.972541,20.798566,1.47116161010155,-18.8138645136614
10.6363312,16.550936,21.548655,16.972541,20.932254,1.21860743784157,-18.457479954657
10.6805456,16.521386,21.548655,16.944485,20.999098,1.02390344237202,-18.2724701542111
10.727936,16.491837,21.558110,16.813553,20.999098,1.34093059515176,-17.9899892402069
10.7578032,16.472137,21.548655,16.850962,20.989549,1.17822851465913,-18.044922566262
10.7987664,16.383488,21.595930,16.869667,21.199631,0.407852202605978,-17.5884103866042
10.8291408,16.294838,21.605386,16.748088,21.352418,0.0931929974810055,-17.0206787880156
10.8603344,16.235739,21.567565,16.785497,21.438361,-0.533867906625482,-16.9211673209487
10.9141616,16.127390,21.624296,16.645213,21.648443,-0.879254564868765,-16.1520401938288
10.9499712,15.979641,21.482470,16.757440,21.715287,-2.21766957621458,-16.1883739949286
10.984336,15.802343,21.425739,16.645213,21.839426,-2.92939070710385,-15.6048695183772
11.0163856,15.822042,21.378464,16.645213,21.954016,-3.33132112024347,-15.5519562228929
11.052904,15.871292,21.283913,16.907076,21.801230,-3.76852426592871,-16.4048746146009
11.085552,15.930392,21.312278,16.907076,21.772582,-3.4339850619085,-16.5060370312948
11.1141616,15.979641,21.208272,17.047359,21.724836,-3.85176064895649,-17.0258860804295
11.163888,15.940241,21.151542,17.038007,21.657992,-3.91897153995718,-17.1046299919261
11.198056,15.950091,21.123177,17.056711,21.715287,-4.18529046885491,-17.1152738147866
11.2266656,15.841742,21.198817,17.019302,21.868074,-4.60226286499072,-16.5695525838984
11.2702816,15.831892,21.189362,17.028655,21.944467,-4.89693719153164,-16.481787931582
11.3004016,15.851592,21.151542,17.009950,22.049508,-5.18927025422309,-16.3963529755604
11.3290928,15.634894,21.085357,17.000598,22.106803,-6.15196715989166,-16.0218590684222
11.3604944,15.625044,21.123177,16.991246,22.269139,-6.49182454473019,-15.7306427563749
11.4004992,15.595494,21.038081,17.047359,22.307336,-7.08907953931048,-15.8365284116779
11.4314784,15.585644,21.047536,16.953837,22.383730,-7.04317959360045,-15.5488844375841
11.4614304,15.447746,21.104267,16.888371,22.421926,-7.20801716104912,-15.0772729802158
11.5030816,15.496995,21.132632,16.907076,22.421926,-7.03012705284807,-15.1580115252093
11.5540144,15.477295,21.028626,16.907076,22.479221,-7.55320580352189,-15.1839413361964
11.5846448,15.506845,20.915165,16.963189,22.345533,-7.58884073339477,-15.6493054701028
11.6255424,15.506845,20.886800,17.047359,22.288238,-7.746927618108,-15.9046421574646
11.6553296,15.536395,20.981351,17.066064,22.393279,-7.71847942893298,-15.7297228043822
11.6864912,15.556095,20.981351,16.991246,22.517418,-7.79520319091395,-15.4756698861029
11.7364752,15.467446,21.028626,17.028655,22.498320,-7.96773995573792,-15.3515994806465
11.7665008,15.418196,21.009716,17.019302,22.479221,-8.09195118827082,-15.2996321807455
11.7975152,15.477295,20.981351,17.038007,22.441025,-7.94745799684957,-15.5188152405124
11.8290416,15.437896,20.915165,17.009950,22.469672,-8.26250994860078,-15.4511679407542
11.8791744,15.447746,20.877345,17.122177,22.374180,-8.39148388397178,-15.832716816054
11.9096016,15.506845,20.905710,17.140881,22.259590,-7.86889412393636,-16.0775830703625
11.9400192,15.605344,20.952986,17.094120,22.288238,-7.38732013218321,-16.067863830136
12.011256,15.457596,20.943530,17.028655,22.230943,-7.51566867684449,-15.7886258034164
12.0428064,15.437896,21.075901,17.019302,22.335984,-7.44474447495056,-15.4324671963552
12.0780032,15.565945,21.000261,17.140881,22.288238,-7.49231099232612,-16.0193667000998
12.1143264,15.496995,21.009716,17.206347,22.393279,-8.13469874881473,-15.865797971889
12.144312,15.516695,20.792249,17.187642,22.230943,-8.2265300197807,-16.3588791321696
12.1930288,15.506845,20.839525,17.262460,22.250041,-8.37236114764755,-16.383661929641
12.245352,15.605344,20.584238,17.421448,22.068607,-8.77807741996304,-17.3926517189201
12.2767008,15.634894,20.669333,17.524323,22.106803,-8.82162455439859,-17.4551914625845
12.3090832,15.644744,20.612603,17.571084,22.039959,-8.90646635357525,-17.7131958550816
12.3478448,15.644744,20.707154,17.683311,22.078156,-9.03459099651939,-17.7280984884531
12.3890736,15.713693,20.612603,17.645902,22.059057,-8.95705939657318,-17.9304963588597
12.423976,15.733393,20.480232,17.786185,21.925369,-9.3105869795506,-18.550683295552
12.4804768,15.713693,20.565328,17.767481,21.877623,-8.93476203853882,-18.4367533650959
12.512688,15.703843,20.461322,16.412251,21.944467,-5.70314411279991,-16.1521716095885
12.5431488,15.693994,20.432957,16.338450,21.954016,-5.63616523795481,-16.0311808282452
12.5927296,15.703843,20.461322,16.356900,21.963566,-5.60087186393741,-16.0305665900426
12.6228192,15.674294,20.527507,17.776833,21.982664,-9.47618831863007,-18.2973618621262
12.6564576,15.674294,20.489687,17.786185,21.934918,-9.48473631840514,-18.4263006891188
12.6940736,15.723543,20.414046,16.393801,21.868074,-5.51787228844473,-16.3176800217021
12.7253632,15.743243,20.470777,16.356900,21.791680,-4.96857191091983,-16.3137338806557
12.7567888,15.792493,20.536962,16.375351,21.791680,-4.67659432638697,-16.3440500073943
12.7904096,15.841742,20.423501,16.403026,21.763033,-4.86521609392539,-16.6659075229224
12.8414512,15.812193,20.366771,16.366126,21.686639,-4.80129416545163,-16.7273623216362
12.877936,15.753093,20.414046,16.467602,21.686639,-5.12474860535651,-16.7381422144751
12.9181008,15.841742,20.404591,16.513727,21.715287,-5.0999297143757,-16.9463952301061
12.9487376,15.861442,20.480232,16.559853,21.715287,-4.94620597889623,-16.9597365159825
12.98036,15.841742,20.376226,16.541403,21.648443,-5.07372603321437,-17.1211009849101
13.0114544,15.822042,20.395136,16.522952,21.686639,-5.13200236846921,-16.9789577218019
13.0613408,15.772793,20.357316,16.504502,21.648443,-5.23188391114913,-16.9628677024052
13.0915008,15.772793,20.442412,16.439926,21.839426,-5.33520878837599,-16.4839477159553
13.1239792,15.713693,20.574783,16.439926,21.982664,-5.52057428279796,-16.017877989346
13.1742064,15.625044,20.659878,17.748776,22.001762,-9.2041142646464,-17.9676191522852
13.2055088,15.496995,20.640968,17.655254,22.068607,-9.56996711914986,-17.5307519679123
13.2390592,15.496995,20.688243,17.599141,22.154549,-9.50983790628083,-17.2611091000794
13.2878368,15.378796,20.650423,17.524323,22.278689,-10.1103975596771,-16.8205910909763
13.3279264,15.388646,20.631513,17.543027,22.269139,-10.1623890155906,-16.9063196252213
13.3580912,15.437896,20.707154,17.561732,22.383730,-10.149567809885,-16.7739739465725
13.4092288,15.359096,20.782794,17.496266,22.441025,-10.136915962234,-16.3563544087875
13.4426416,15.221198,20.678788,17.449505,22.460123,-10.7871614333399,-16.1511044391383
13.4943648,15.053749,20.763884,17.253108,22.651107,-11.0204157675383,-15.1694458955093
13.5302992,15.063599,21.000261,17.271813,22.908934,-11.026359408457,-14.5878726540764
13.5616224,15.014349,21.000261,17.271813,22.832541,-10.9684517764836,-14.5999609783548
13.591736,15.034049,21.019171,17.196995,22.880287,-10.7799025849097,-14.4202338726692
13.6330688,14.856751,21.056991,16.935132,22.947131,-10.6717630304619,-13.5251916438923
13.6626064,14.866601,21.066446,16.925780,22.966230,-10.6401270370624,-13.4900481957424
13.69288,14.679452,21.302823,16.832258,23.185861,-10.833055372847,-12.4274922899637
13.725416,14.580953,21.387919,16.710679,23.376844,-11.0603094942837,-11.6981406072247
13.7642736,14.590803,21.302823,16.710679,23.329098,-11.1577063240629,-11.8796555432503
13.7951392,14.502154,21.302823,16.598452,23.405492,-11.3279529518023,-11.4298403028299
13.8255232,14.452904,21.558110,16.467521,23.558279,-10.7675907393272,-10.6092161226621
13.8665376,14.354405,21.586475,16.458169,23.653770,-11.2100496802933,-10.2663741328956
13.8992864,14.334705,21.501380,16.420760,23.644221,-11.3987648535095,-10.2795125327349
13.9277984,14.285456,21.558110,16.271124,23.711066,-11.1529973103345,-9.77324465390985
13.9577968,14.305155,21.624296,16.308533,23.825656,-11.3042208124807,-9.65707719626193
14.0089168,14.157407,21.586475,16.224363,23.882951,-11.7906967311234,-9.21696910199614
14.0390464,14.246056,21.510835,16.215011,23.768361,-11.417470043423,-9.58943472264521
14.0690608,14.246056,21.501380,16.243067,23.768361,-11.5217029406433,-9.65135777330801
14.1240528,14.157407,21.614841,16.215011,23.968893,-11.9109449131595,-9.06270527406927
14.1605984,14.226356,21.529745,16.196306,23.882951,-11.6783160297414,-9.35898604742543
14.1927744,14.167257,21.539200,16.261772,24.073934,-12.5162311306085,-9.12932185489489
14.2416976,14.058908,21.595930,16.186954,24.140779,-12.6509275533224,-8.65125075886246
14.272648,13.960408,21.567565,16.018614,24.178975,-12.686741905681,-8.1558600527109
14.3126992,13.970258,21.652661,15.953148,24.331762,-12.6329397469696,-7.77207447372805
14.3628416,13.930859,21.491925,16.056023,24.331762,-13.5153365797859,-8.07828565080465
14.3955248,13.970258,21.387919,16.065375,24.389057,-13.8897786297974,-8.2224746825787
14.4255584,14.019508,21.444649,16.065375,24.379508,-13.5417900795743,-8.25565048123097
14.4754512,13.999808,21.567565,15.981205,24.322213,-12.8507449180811,-7.98906508175388
14.508088,13.970258,21.586475,15.953148,24.293566,-12.7311873614059,-7.89583920783559
14.5493024,13.911159,21.728301,15.897035,24.446352,-12.7393004968075,-7.33762008383284
14.5864912,13.940709,21.747212,15.878331,24.427254,-12.491664680171,-7.35761529961293
14.6178368,13.921009,21.633751,15.831569,24.436803,-12.7951897439203,-7.35879235391675
14.6488464,13.911159,21.624296,15.831569,24.379508,-12.7002164011547,-7.41961779922763
14.6889552,13.881609,21.662116,15.803513,24.436803,-12.7535029876165,-7.20199519187502
14.7217088,13.871759,21.728301,15.822217,24.494098,-12.7861925573658,-7.0729070798245
14.7714896,13.930859,21.841762,15.794160,24.465451,-12.1128723373292,-7.0301055421469
14.8115232,13.940709,21.756667,15.887683,24.322213,-12.2067222702119,-7.48734179300856
14.842768,13.950559,21.614841,15.840922,24.264918,-12.3267482098366,-7.65558857371931
14.8743328,13.980108,21.643206,15.878331,24.303115,-12.3543920451055,-7.6988760967394
14.9051696,13.980108,21.652661,15.925092,24.274467,-12.374379289648,-7.80682092356802
14.9425328,14.019508,21.586475,15.962501,24.274467,-12.5558023548322,-8.02512984836208
14.9765744,14.108157,21.577020,15.915739,24.207623,-12.0111907958492,-8.19202462600165
15.0140816,14.098307,21.548655,15.962501,24.178975,-12.1754632968687,-8.327017662568
