0.0428912,13.949499,23.004736,12.555636,26.384836,-0.567774430129409,5.99223576360767
0.0777648,13.939648,23.023646,12.546285,26.375287,-0.488739199590603,6.03960220765828
0.1139328,13.998751,22.948006,12.546285,26.365738,-0.510605790861367,5.83459759328522
0.1454656,14.057854,23.033101,12.583689,26.317992,-0.0604481043312433,5.68558180936305
0.1751008,14.067704,22.948006,12.621094,26.222500,-0.11848316534993,5.40306255084282
0.2265792,14.087405,22.966916,12.630445,26.165205,0.12793064701777,5.30586401362467
0.2591728,14.195760,22.853455,12.798765,26.060164,-0.0633030374076231,4.53638200266823
0.2878272,14.205611,22.777814,12.873574,25.983770,-0.25117401873588,4.20984006768092
0.327832,14.245013,22.635988,12.929681,25.869180,-0.388250633158793,3.74901532795045
0.363872,14.304116,22.645443,12.901628,25.869180,-0.109084429029256,3.69931650026114
0.401688,14.323816,22.730539,12.929681,25.926475,-0.0405738954474506,3.76107922934798
0.4339536,14.333667,22.815635,12.939032,25.936025,0.18368259010785,3.82607352226706
0.4903584,14.392770,22.692719,13.060597,25.716393,0.270949731900259,3.10855655477853
0.5216848,14.422321,22.702174,13.013841,25.745041,0.435230572770679,3.18297171098348
0.5616192,14.402620,22.617078,13.079299,25.716393,0.02667345445336,2.97144441073862
0.592608,14.461723,22.626533,13.079299,25.697295,0.280129667227109,2.84770085590178
0.6226064,14.451873,22.550893,13.098001,25.687746,0.00491307702287358,2.73770108280179
0.6564768,14.510975,22.475252,13.126055,25.630451,0.0381471268208484,2.42525095553582
0.7125888,14.491275,22.503617,13.182161,25.659098,-0.172844322959167,2.41827830170514
0.7453152,14.491275,22.503617,13.238268,25.630451,-0.249299641567396,2.27976999884414
0.7765792,14.570078,22.446887,13.210215,25.649549,-0.1598415528914,2.14167978379861
0.8177904,14.510975,22.390157,13.294375,25.630451,-0.679857803542992,2.01044138987054
0.847856,14.530676,22.418522,13.285024,25.640000,-0.539595152424858,2.03252388860461
0.8778144,14.550377,22.484707,13.341130,25.725943,-0.682484744114669,2.05575531947628
0.92656,14.589779,22.437432,13.228917,25.659098,-0.208524554757055,2.06867313788574
0.9604192,14.579929,22.267241,13.313077,25.554057,-0.677717056692828,1.62318874646578
0.9904128,14.510975,22.305061,13.285024,25.611352,-0.850503141077305,1.91321597719026
1.0239168,14.501125,22.361791,13.256970,25.745041,-1.00621707144512,2.19540584647454
1.0614624,14.560228,22.399612,13.359833,25.611352,-0.636655262371589,1.7816871368424
1.0927344,14.560228,22.390157,13.322428,25.745041,-0.93125133873654,1.98963355379613
1.126712,14.451873,22.305061,13.331779,25.735492,-1.49844265719272,2.07375436721061
1.1740032,14.471574,22.361791,13.266321,25.716393,-1.03943424658161,2.20240509510086
1.217848,14.422321,22.342881,13.313077,25.792787,-1.58089840522491,2.27036236932099
1.2489424,14.363218,22.361791,13.285024,25.878730,-1.85915490340604,2.5516501208088
1.3003264,14.392770,22.475252,13.256970,25.936025,-1.51956218743218,2.73527833848195
1.347872,14.304116,22.456342,13.219566,25.983770,-1.86406850637941,3.00755661132031
1.3892384,14.304116,22.437432,13.172810,25.945574,-1.68512012356566,3.03497766448971
1.4201872,14.235162,22.380701,13.144757,26.107910,-2.42619685169078,3.33586194607194
1.4507632,14.195760,22.494162,13.163459,26.069713,-2.15401496559466,3.45715836806697
1.4865584,14.195760,22.446887,13.107352,26.079262,-2.16503847696306,3.52418986277265
1.5316784,14.215461,22.494162,13.172810,26.060164,-2.09542369477345,3.39103607977991
1.5616464,14.245013,22.484707,13.163459,26.060164,-2.01046794109953,3.34203073079112
1.5926736,14.235162,22.409067,13.116703,26.079262,-2.18617101027405,3.38945685118441
1.6350016,14.185910,22.409067,13.060597,26.050615,-2.09753879472076,3.56120911338893
1.6640624,14.156358,22.513072,13.088650,26.232049,-2.45536880540149,3.87231432634677
1.7001328,14.235162,22.531983,13.060597,26.232049,-2.09046107793439,3.79505082982199
1.7516,14.156358,22.522528,13.023192,26.165205,-2.06307197618131,3.93666593055099
1.796352,14.077555,22.475252,12.985788,26.203402,-2.4375652497658,4.15136700413129
1.8266976,14.087405,22.569803,12.910979,26.279795,-2.13355570063511,4.46046989834634
1.867672,14.048003,22.560348,13.004490,26.203402,-2.3249798993097,4.26377323462804
1.898968,14.077555,22.626533,12.920330,26.203402,-1.81021310103635,4.44039184849504
1.9290768,13.979050,22.645443,12.873574,26.260697,-2.07409124585531,4.80356606414502
1.9816736,14.018452,22.711629,12.854872,26.365738,-2.00109795049445,4.94564344791618
2.0303632,13.919947,22.796725,12.733307,26.317992,-1.57274446586956,5.41332646935649
2.0615808,13.939648,22.919641,12.705254,26.499426,-1.57742271512905,5.75047372666268
2.1015264,13.821442,22.995281,12.639796,26.566270,-1.70620501077923,6.25803789987397
2.1415328,13.742639,23.042557,12.564987,26.508975,-1.43384234761874,6.54854795719292
2.17276,13.713087,23.089832,12.621094,26.585369,-1.7478532971396,6.62516374895283
2.219208,13.732788,22.910186,12.527583,26.489877,-1.69628027591593,6.48327098338367
2.2538336,13.663835,22.957461,12.564987,26.518525,-1.94318715544497,6.62467096045096
2.2839376,13.722938,22.966916,12.630445,26.432582,-1.68423674387399,6.29989939111872
2.3217168,13.762340,23.004736,12.621094,26.547172,-1.7478186379756,6.40025971233265
2.3551136,13.811592,22.976371,12.621094,26.442131,-1.39598081994524,6.16432390976355
2.386544,13.811592,22.995281,12.611743,26.508975,-1.49946149759578,6.27235544793
2.4164032,13.693386,23.052012,12.593041,26.489877,-1.57569352065017,6.58012835811064
2.4564688,13.791891,23.023646,12.574338,26.547172,-1.47619631752264,6.45369474795585
2.487736,13.703237,23.052012,12.546285,26.508975,-1.47014639364447,6.67255569414766
2.517696,13.703237,23.118197,12.555636,26.556721,-1.43356948217164,6.77264990309899
2.560336,13.722938,23.080377,12.490178,26.566270,-1.33209468750303,6.83323294155979
2.6092064,13.762340,23.108742,12.527583,26.566270,-1.23665863557482,6.71178297155348
2.6412496,13.762340,23.089832,12.499529,26.528074,-1.10869809596102,6.70751964716406
2.6764,13.663835,23.137107,12.443423,26.528074,-1.10355471815891,7.06096575155811
2.7103568,13.703237,23.184383,12.415369,26.556721,-0.850742980097032,7.11723169843447
2.7426784,13.653984,23.222203,12.396667,26.671311,-1.15007275838589,7.4085443307013
2.7715408,13.614583,23.099287,12.415369,26.709508,-1.78456538612376,7.36206110859366
2.8128064,13.594882,23.089832,12.434071,26.728607,-1.97490297437762,7.37398232333894
2.8428256,13.614583,22.929096,12.518232,26.556721,-2.14893022549883,6.82412518259881
2.8751568,13.634284,23.033101,12.499529,26.585369,-1.81101365666134,6.96013762452458
2.909232,13.614583,23.108742,12.527583,26.671311,-1.96110243113061,7.11111335683137
2.9503968,13.604732,23.146562,12.508880,26.738156,-2.01149803027969,7.27539748378785
2.9878512,13.673685,23.184383,12.508880,26.680861,-1.53978626453055,7.11963915945775
3.0203408,13.693386,23.193838,12.424720,26.671311,-1.19534416915104,7.24636926936554
3.0703008,13.594882,23.137107,12.471476,26.585369,-1.54299477673907,7.2010013907475
3.0988624,13.604732,23.127652,12.480827,26.642664,-1.72621144375381,7.21259225162529
3.142832,13.585031,23.137107,12.462125,26.661762,-1.75747489895066,7.31785357926065
3.1805232,13.575181,23.212748,12.452774,26.699959,-1.64360597049549,7.47307936784921
3.2116704,13.604732,23.137107,12.368614,26.633115,-1.361266910288,7.43411806809659
3.2739712,13.673685,23.099287,12.508880,26.661762,-1.73703860773319,7.01194011699582
3.3125632,13.634284,23.061467,12.490178,26.633115,-1.83356918228118,7.05751753578588
3.3428976,13.575181,23.023646,12.490178,26.547172,-1.88175865000157,7.04574316946565
3.3763744,13.732788,23.089832,12.480827,26.614016,-1.38164569845437,6.89161282298862
3.4139824,13.722938,23.070922,12.593041,26.575820,-1.67070915609559,6.63127571321807
3.443824,13.693386,23.004736,12.555636,26.537623,-1.7435295661237,6.65413472546354
3.4741104,13.693386,22.929096,12.536934,26.508975,-1.83559480001315,6.58214063209816
3.5166144,13.653984,22.919641,12.574338,26.566270,-2.24188728294726,6.63600915764693
3.5451888,13.722938,22.938551,12.630445,26.518525,-2.00552658613015,6.36014078820738
3.5790624,13.801742,22.900730,12.752010,26.489877,-2.14105241085596,5.89833790032418
3.6077984,13.811592,22.796725,12.770712,26.451680,-2.36506216062454,5.69301028929704
3.6590864,13.910097,22.844000,12.780063,26.413484,-1.85577479300769,5.49227794062027
3.6877136,13.939648,22.758904,12.873574,26.327541,-2.04019660617014,5.07195511413632
3.7189968,13.998751,22.683264,12.864223,26.241598,-1.82575096942131,4.80342958837904
3.7703456,13.988900,22.692719,12.882925,26.298893,-2.03686133856061,4.85736241213504
3.8002736,13.969200,22.721084,12.957734,26.270246,-2.13864119553197,4.75018298519259
3.8317232,13.998751,22.645443,12.939032,26.279795,-2.2493202442475,4.65869010332231
3.8754848,13.969200,22.664354,12.920330,26.298893,-2.28181569769821,4.79279718226409
3.922824,14.057854,22.607623,13.013841,26.260697,-2.34002300382608,4.33871935568433
3.9563936,13.998751,22.541438,12.967085,26.289344,-2.66023710919464,4.50337807751202
4.0039968,13.929798,22.635988,12.957734,26.346639,-2.71648393121309,4.81731819091285
4.0353648,13.949499,22.721084,12.882925,26.394385,-2.33260118309596,5.06545609300928
4.0653568,13.890396,22.664354,12.836170,26.489877,-2.80871471101829,5.31230231538085
4.1093488,13.772190,22.645443,12.798765,26.499426,-3.13835933216833,5.60591333500912
4.1377264,13.693386,22.645443,12.695903,26.614016,-3.40475586956597,6.0824974433598
4.16776,13.713087,22.768359,12.733307,26.862295,-3.76402348710708,6.35912493058272
4.197608,13.762340,22.739994,12.733307,26.728607,-3.33663880709338,6.09360471837796
4.2478576,13.782041,22.844000,12.714605,26.633115,-2.65764439018838,6.10056485486379
4.279272,13.713087,22.768359,12.677201,26.623566,-2.95619366745921,6.21956658980266
4.3354448,13.683536,22.844000,12.583689,26.690410,-2.7463283023134,6.61006442102912
4.3705488,13.673685,22.910186,12.555636,26.690410,-2.50246746318746,6.75349792248743
4.4001792,13.693386,23.004736,12.490178,26.757254,-2.16914629499443,7.01094960756283
4.4420432,13.594882,23.014191,12.396667,26.699959,-2.01556216150918,7.34018871367287
4.4817744,13.624433,23.156017,12.396667,26.719057,-1.5633201191733,7.44786611413288
4.5165712,13.555480,23.184383,12.340560,26.805000,-1.76518253879947,7.81253678910637
4.553944,13.525928,23.278933,12.218996,26.910041,-1.52836573886661,8.31594993789515
4.5940816,13.466826,23.278933,12.097431,26.871844,-1.25969732895111,8.63654063654604
4.6240432,13.525928,23.326209,12.031973,27.034180,-1.21558361250115,8.86172896067787
4.653776,13.456975,23.345119,12.097431,27.053279,-1.59638397990198,8.90709993381927
4.697728,13.427424,23.326209,12.050675,27.034180,-1.55682413240028,9.02087804737194
4.7253936,13.417573,23.231658,12.050675,26.967336,-1.67934379892331,8.87720961328215
4.7580368,13.417573,23.241113,12.003920,27.072377,-1.81287050292733,9.08660732665194
4.7904608,13.358470,23.326209,12.003920,27.139221,-1.92104622291892,9.35801684500022
4.8378496,13.417573,23.354574,12.088080,27.177418,-2.00101452351132,9.13887911269896
4.8703904,13.447125,23.241113,12.144187,26.957787,-1.79676595857054,8.63151052672049
4.9017536,13.466826,23.212748,12.144187,26.948238,-1.7958949220843,8.55372448112782
4.9504144,13.466826,23.193838,12.153538,26.986434,-1.98310605168109,8.55471241797833
4.9804768,13.447125,23.193838,12.247049,26.929139,-2.14123782357825,8.3495341672137
5.0102272,13.496377,23.174928,12.190942,26.929139,-1.8967552129781,8.34388728248167
5.0502224,13.456975,23.137107,12.209644,26.929139,-2.17638260254321,8.34649440252111
5.0826032,13.506227,23.193838,12.275102,26.957787,-2.12334870680659,8.20567514191276
5.11292,13.417573,23.203293,12.228347,27.062828,-2.51744209314388,8.59104829347782
5.145312,13.437274,23.118197,12.218996,26.890943,-2.21080982939763,8.30879265898521
5.2016992,13.535779,23.146562,12.275102,26.929139,-2.09659717925494,8.06958461417911
5.2440048,13.516078,23.212748,12.200293,26.938689,-1.77949863805828,8.33441728499896
5.284048,13.456975,23.146562,12.303156,26.890943,-2.30115422409206,8.13124071844181
5.3280512,13.496377,23.156017,12.228347,26.843197,-1.81827727251296,8.16243571886156
5.3564208,13.476676,23.023646,12.275102,26.843197,-2.39716367226161,7.97298770777068
5.3915456,13.476676,23.156017,12.265751,26.910041,-2.16454897219618,8.19557561613054
5.4279216,13.496377,23.231658,12.247049,26.919590,-1.85821592556569,8.28049873833021
5.4590576,13.506227,23.269478,12.275102,26.929139,-1.82171987909037,8.25355406834378
5.5003296,13.614583,23.269478,12.228347,26.929139,-1.37449391124275,8.13152751560522
5.5493248,13.663835,23.137107,12.303156,26.738156,-1.29714066989795,7.55495564325808
5.5903872,13.713087,23.165472,12.331209,26.747705,-1.17338551317956,7.44132262651195
5.6413568,13.713087,23.042557,12.377965,26.709508,-1.55814694759487,7.18289008645024
5.6726416,13.594882,23.004736,12.396667,26.814549,-2.35994412186836,7.44874496854249
5.7153184,13.614583,23.099287,12.359262,26.910041,-2.18299812063443,7.67916455485424
5.7477552,13.565330,23.052012,12.434071,26.862295,-2.54213216275257,7.53108983640968
5.7842176,13.525928,22.976371,12.387316,26.833648,-2.67468040488583,7.59411681369188
5.8350544,13.604732,23.004736,12.396667,26.738156,-2.11998520887696,7.35042047554698
5.8812752,13.673685,23.070922,12.368614,26.690410,-1.51188214955667,7.28867112750493
5.91792,13.732788,23.061467,12.471476,26.528074,-1.20104082199897,6.79129905770889
5.9477648,13.801742,23.146562,12.396667,26.575820,-0.674035314382303,6.94073069202476
5.9775856,13.801742,23.118197,12.490178,26.470779,-0.72510433100157,6.61839150527359
6.0290064,13.910097,23.137107,12.480827,26.394385,-0.114501639057451,6.36427941834179
6.0602576,13.959349,23.061467,12.387316,26.184303,0.656670367094871,6.15180819021142
6.0902448,13.998751,23.269478,12.256400,26.127008,1.90681660696227,6.48980171334524
6.1400336,14.126807,23.562586,12.125484,25.878730,4.1977815768183,6.54228850380888
6.1712672,14.402620,24.139345,11.611173,25.735492,8.50826977054626,7.46204763214548
6.2012784,14.648882,24.668829,11.022052,25.172090,14.0538215611072,8.10730436733074
6.2538304,15.200508,25.642701,10.386175,24.245820,22.9150561971482,8.324175380227
6.2839616,16.224957,27.051507,9.451063,22.421926,37.9508042107106,7.71808594384161
6.3141008,16.515212,28.176661,9.002209,20.874959,48.11050671577,7.59667487532238
6.3552368,16.895877,28.781786,8.702973,20.130123,54.0421571873739,7.28647830200763
6.3854416,17.891460,30.445878,8.020341,17.494549,72.0029213256798,5.62184970838685
6.4166176,18.525901,31.457571,7.805266,17.808037,74.8914491288443,6.20311383667375
6.4791632,18.818719,32.289617,7.515381,16.503640,83.1635006040681,5.69800397245039
6.5079424,18.477098,30.464788,8.918049,17.389508,70.2194128673434,2.61277773808881
6.5379152,18.028109,28.791241,9.862513,19.137008,55.9825748064912,1.74620103261366
6.5729552,16.796285,23.231658,12.106782,23.663320,17.2597995434141,-1.32227181664665
6.6150944,11.900601,15.839615,15.996849,33.795000,-56.4785905270459,3.57940093567042
6.6501664,7.507290,12.139151,17.726807,41.529836,-103.587102244861,12.7009813409381
6.6825712,5.133327,11.391389,17.316312,46.256680,-122.070841699785,21.714533461412
6.7214832,5.231832,12.110391,18.349525,48.873156,-122.60390206721,22.0389881085453
6.7513232,5.350037,12.397992,18.128122,49.121434,-120.988645273863,22.6394573172689
6.7828304,5.153028,11.937831,17.454689,47.946885,-121.692421615928,23.1327164539429
6.828072,4.906766,11.631056,16.716680,47.287992,-122.493699115329,24.4062227902273
6.8792208,4.197532,10.375200,16.338450,45.530943,-128.855746401769,24.3663358860173
6.9165968,3.783812,9.349423,17.717456,43.239139,-134.64776023381,19.4511270856208
6.9579328,4.030074,9.119343,16.532178,40.937787,-130.776622814715,19.2311751386496
6.9852064,4.552149,8.505794,17.602291,37.175410,-128.051931144798,11.1554465408367
7.0153552,4.956018,8.304474,18.515577,35.695287,-126.302048547515,6.30246480282121
7.0640464,5.172729,7.949766,19.336612,34.138770,-126.083123452808,1.70943032213246
7.107944,5.537196,7.249937,21.117059,31.617787,-126.898380531131,-7.13214429556562
7.1379536,5.645551,7.288284,20.618903,30.204508,-123.563107248797,-8.30541542931745
7.1818928,5.625850,7.633405,18.912257,30.051721,-119.133049865165,-4.29521826011256
7.2105712,5.931215,8.246953,18.912257,31.684631,-116.625357255146,-1.82792033411888
7.250328,6.177477,8.074393,19.641041,31.522295,-117.064985580343,-4.37063219883198
7.2852384,6.404038,7.566298,21.808942,31.293115,-121.213307911521,-10.286769502275
7.32296,7.064019,7.968939,24.687178,33.584918,-122.604732404112,-13.1374839344383
7.3538336,8.068767,8.687941,27.445486,35.972213,-120.903371936383,-15.3774866659621
7.3827504,9.083366,8.055220,30.840328,33.384385,-120.193470143664,-26.2580661211167
7.4345152,10.354077,7.815552,34.050667,31.770574,-117.731470192068,-34.9223079280432
7.4643184,11.683890,6.876056,38.201968,28.361516,-116.992305986186,-47.9994933465815
7.4953424,12.225666,6.262508,39.963965,25.563607,-116.117487630246,-56.0130659597843
7.5352208,12.363573,6.089947,40.452896,24.570492,-115.682186185006,-58.6393623132126
7.5655008,11.979404,5.121691,40.277619,22.345533,-118.521933432418,-63.8296926538873
7.5964336,10.344226,4.364342,40.877251,23.367295,-130.736037590221,-62.2989039631109
7.6275568,9.930506,3.674100,43.801612,22.355082,-137.546462491359,-67.9768684095862
7.67888,10.176768,3.520713,44.641097,20.808115,-136.464841346237,-72.2973372665221
7.7102256,10.393478,3.252286,43.903088,18.630902,-133.840262121617,-76.8873885446659
7.7564464,10.107815,3.079725,43.211205,18.439918,-135.101562202732,-76.8212963024242
7.7893184,9.546338,3.060552,42.943676,19.404385,-138.574240146078,-74.0475900381203
7.8216752,9.083366,3.041379,42.934451,20.330656,-141.763551306593,-71.6984741721113
7.8502704,9.142469,2.801711,43.294231,19.137008,-141.864944528111,-75.1282642490553
7.8927104,9.467534,2.859231,44.069140,18.831434,-140.450303147806,-76.6416922025212
7.9218448,9.723646,2.830471,44.650322,18.497213,-139.594439519911,-78.1468278930508
7.951608,10.088114,2.974272,44.788699,18.239385,-137.069023487239,-78.8167407460912
7.9840272,10.314675,3.070139,44.613422,17.972008,-135.113679131715,-79.2308775796965
8.0220176,10.639740,3.597407,43.995339,19.557172,-132.153635128664,-74.5164162837161
8.0526656,10.580637,3.559060,43.469508,19.280246,-131.77459662808,-74.6567360905202
8.0838608,10.521535,3.654927,43.294231,19.671762,-131.829392388972,-73.4383580907017
8.1253536,10.531385,3.846661,42.851425,20.015533,-130.805042337601,-71.9492668109277
8.1754384,10.964806,4.316409,42.205667,20.588484,-126.653314882982,-69.6533998174239
8.2052416,11.516432,4.757397,42.039615,21.428811,-123.034961693806,-67.5101278725041
8.246768,11.900601,4.824504,42.786850,21.256926,-121.738884716044,-68.7575735469678
8.2767888,12.137012,5.102518,42.676148,21.982664,-120.255638321943,-66.9785461803536
8.3079216,12.225666,5.438052,41.855113,22.526967,-118.180778598199,-64.6690530132166
8.3419072,12.058208,5.725653,40.665074,23.185861,-117.07419198885,-61.6343055154359
8.3963216,11.742993,6.042014,39.050679,24.169426,-116.334823275309,-57.3478013817023
8.4312976,11.171666,6.339201,36.744400,25.067049,-115.8144698271,-52.1095277909355
8.4679408,10.551086,6.473415,34.899378,25.926475,-116.712289372838,-47.4926232527258
8.5014192,10.147217,6.348788,34.069118,25.888279,-117.975309057904,-46.2443822378587
8.5314288,9.753198,6.454242,33.109706,26.279795,-118.569680520445,-43.6563504581942
8.5625456,9.339478,6.578869,31.845865,26.824098,-118.99258792268,-40.2765473493462
8.613992,8.846954,6.617216,29.742540,26.852746,-118.478694832947,-36.4812827011358
8.6538544,8.443085,6.703496,28.118920,26.919590,-117.956423671189,-33.1556613121497
8.6916816,7.783104,6.991097,25.628139,27.597582,-117.324760655317,-26.4081053023681
8.7356096,7.280730,7.144484,24.069095,28.294672,-117.88158385751,-21.4020938474195
8.7665904,7.014767,7.729272,22.980532,30.529180,-117.865967215185,-14.5806115728097
8.7965584,6.847309,8.026460,22.454700,31.894713,-118.364407318411,-10.8939047213682
8.836704,6.630598,8.438687,21.799717,33.728156,-118.975935122695,-6.20035637161587
8.8676064,6.610898,9.013889,21.126284,35.112787,-117.258018194543,-2.38285012992855
8.8979648,7.103421,9.905452,20.738829,37.099016,-113.002766911107,0.804176323794767
8.9331856,8.344580,10.634040,21.098609,37.127664,-104.961063179062,-1.33310146022806
8.9691328,9.585740,11.075028,21.061708,35.418361,-95.4305988742366,-4.96465150367646
9.0240224,10.610189,11.592710,19.954695,33.814098,-84.8565332710607,-6.1108615604111
9.0715904,13.555480,13.845583,17.380888,28.772131,-50.0965045891035,-10.2773593324303
9.1016432,16.156004,16.480736,17.455625,25.993320,-25.6676297107775,-15.1033739753359
9.1328816,16.378564,19.676551,16.043605,25.277131,-9.63513236679976,-9.9190159486548
9.1652592,16.534734,21.189362,15.136546,24.761475,-0.965173384060741,-7.41032016278321
9.2178016,16.579574,24.517548,12.434071,23.997541,18.1267350953003,0.293317478123271
9.24552,16.175705,25.567061,11.508310,22.899385,25.9522517855189,2.73000780094521
9.2826752,16.136303,25.926354,11.311937,22.660656,28.1335930908893,3.31141053960081
9.3278624,15.909742,26.626029,10.638656,22.393279,32.3265450394124,5.517141473549
9.3580128,15.663481,27.372980,10.171100,22.794344,33.7866647757029,8.11615703230535
9.389272,15.417219,27.599901,10.133695,22.899385,33.5208407747273,9.01581241032444
9.4454448,15.436920,27.741728,10.143046,22.861189,34.0123491199463,9.06227706211895
9.480376,15.308864,27.666087,10.040184,22.822992,33.9649753198994,9.40849342881264
9.5190832,15.348266,27.401345,10.255260,22.670205,33.2042896966011,8.47757974024956
9.5617936,15.407368,26.994777,10.507740,23.042623,30.3299372606255,7.82401782059524
9.5917936,15.397518,26.909681,10.526442,23.204959,29.5155761062036,7.88555558789619
9.6239568,15.496023,26.484203,10.825678,23.166762,27.8611018158507,6.62444278075527
9.6726224,15.683182,26.039814,10.965945,22.937582,27.4834406202044,5.2757608037013
9.7115824,15.899892,25.869623,11.199723,22.842090,27.1668058068673,4.11678231582709
9.7429632,16.047649,25.793983,11.489608,22.756148,26.7116385890811,3.10106544251841
9.8042288,16.284060,25.396870,11.667279,22.345533,27.0306654178888,1.42466242532716
9.8354352,16.500771,25.065942,12.031973,22.106803,26.3403993675238,-0.313271278570657
9.868008,16.737182,24.876841,12.340560,21.954016,25.9741345486886,-1.72030730707237
9.9192368,16.815986,24.527003,12.471476,21.896721,25.0430101614136,-2.57959613971372
9.9480672,16.707631,24.697194,12.471476,22.030410,24.786698963415,-2.02694701713029
9.9805616,16.668229,24.555368,12.415369,22.278689,23.7190085326046,-1.72747583113477
10.0178192,16.658378,24.451362,12.490178,22.402828,22.8071115536208,-1.82455308943721
10.0477696,16.510621,24.441907,12.434071,22.698852,21.6578344469682,-1.11859759786731
10.077768,16.451518,24.290626,12.415369,22.832541,20.7516248735019,-0.994040662214609
10.1103648,16.392415,24.205530,12.471476,22.985328,19.7331856733155,-0.91138331426335
10.1590832,16.215107,24.025884,12.462125,23.243156,18.028185963613,-0.474602813009323
10.1894288,16.106752,23.969154,12.480827,23.395943,17.0677032638825,-0.198218017452824
10.232736,15.988546,23.940788,12.490178,23.577377,16.0996782363974,0.178286439035023
10.2768,15.929443,23.780052,12.490178,23.644221,15.3035195465228,0.183608156352015
10.3118128,15.968845,23.770597,12.490178,23.691967,15.2423198411422,0.152707809209964
10.342728,15.929443,23.647681,12.518232,23.558279,15.1160382485062,-0.115794908482421
10.3830304,16.037798,23.732777,12.583689,23.567828,15.4183708545293,-0.33461755848603
10.4139904,15.988546,23.600406,12.705254,23.596475,14.4759861125678,-0.587442638341862
10.4453632,15.998397,23.562586,12.780063,23.691967,13.8938662035668,-0.679937434511821
10.4854848,16.047649,23.345119,12.892276,23.653770,13.2141808640744,-1.27177259286876
10.5166944,15.860490,23.222203,12.892276,23.701516,12.2186383942234,-1.00909461363656
10.5466208,15.860490,23.118197,13.013841,23.777910,11.3470036175311,-1.26747932609045
10.5816432,15.781686,23.042557,13.060597,23.825656,10.6400710940135,-1.23975767206673
10.6201648,15.850640,23.061467,13.098001,23.911598,10.5234679643346,-1.31752607899919
10.6501168,15.870340,23.004736,13.135406,24.112131,9.72711752268711,-1.25912062016715
10.680384,15.840789,22.948006,13.163459,24.026189,9.65499645839396,-1.41947675987395
10.748,15.732434,23.042557,13.135406,24.035738,9.67033251483981,-1.04698790655505
10.7830176,15.633929,23.165472,12.985788,24.169426,9.78480845956302,-0.292497289188596
10.8154592,15.545275,23.269478,12.920330,24.312664,9.60134226007628,0.274758439559783
10.8553136,15.525574,23.354574,12.789414,24.293566,10.2202879912858,0.631759429591394
10.885408,15.525574,23.345119,12.780063,24.322213,10.1376914359763,0.670831676176125
10.9255344,15.496023,23.458580,12.677201,24.398607,10.448191506145,1.13209116818155
10.9767024,15.367966,23.486945,12.658498,24.389057,10.2534394385089,1.43052138927629
11.0080256,15.407368,23.524765,12.733307,24.379508,10.277837245503,1.24582949172451
11.0377728,15.348266,23.486945,12.714605,24.303115,10.2857333429172,1.26611244964755
11.0804048,15.387667,23.430214,12.667850,24.264918,10.4860105887257,1.17435177348811
11.1092064,15.387667,23.401849,12.733307,24.322213,10.0479381369698,1.0826654497809
11.1496784,15.436920,23.345119,12.780063,24.274467,10.0299693500474,0.784581114606848
11.1828848,15.377817,23.382939,12.882925,24.379508,9.36518396318698,0.861590515437459
11.2255456,15.367966,23.269478,12.836170,24.389057,9.12848268373891,0.852380247552958
11.261808,15.318714,23.212748,12.910979,24.513197,8.25439007427552,0.879414002499903
11.2927792,15.299013,23.165472,12.920330,24.436803,8.2601572331628,0.760756762788564
11.3328832,15.289163,23.146562,12.929681,24.503648,7.95867780022026,0.815311720990529
11.363968,15.230060,23.165472,12.920330,24.580041,7.65176822068306,1.05095580974969
11.3955856,15.200508,23.137107,12.976437,24.532295,7.46425056064235,0.91587483036362
11.4454768,15.210359,23.061467,12.882925,24.541844,7.5209049033372,1.00029518794478
11.4767456,15.180807,23.061467,12.995139,24.503648,7.2234409762067,0.801137728939388
11.5065616,15.239910,23.165472,12.985788,24.599139,7.43575560793743,0.930063961582743
11.54684,15.259611,23.127652,13.013841,24.599139,7.30391900360961,0.797871073990269
11.5978528,15.239910,23.174928,13.032543,24.532295,7.52026598951598,0.777907281455022
11.6275936,15.259611,23.165472,12.939032,24.513197,7.87407576788553,0.88524111184816
11.66896,15.220209,23.165472,12.957734,24.389057,8.06816256377125,0.785507374981865
11.7002736,15.269462,23.184383,13.004490,24.341311,8.26304582414199,0.571899067402697
11.7315024,15.377817,23.288388,13.051246,24.369959,8.64077784215228,0.428747171213729
11.7640496,15.289163,23.307299,13.004490,24.274467,8.85755368285544,0.597630033922187
11.8118416,15.299013,23.307299,13.023192,24.322213,8.69244579544938,0.597326076275731
11.84196,15.308864,23.269478,13.116703,24.303115,8.3985863387076,0.339190214532405
11.8731824,15.210359,23.278933,13.051246,24.350861,8.19971983163799,0.711814384839428
11.929192,15.239910,23.250568,13.004490,24.427254,8.11732790409671,0.797951310973698
11.9640208,15.072452,23.250568,12.939032,24.513197,7.58620612906793,1.33425502021437
12.0238464,15.023200,23.307299,12.976437,24.494098,7.55443316168202,1.39856155305791
12.0539408,14.973948,23.439670,12.901628,24.713730,7.37136248346373,2.02310008010738
12.0854496,14.895144,23.468035,12.808116,24.761475,7.36091811878208,2.43459132894744
12.1165392,14.816340,23.496400,12.742658,24.828320,7.21452158775646,2.81426867743282
12.1654944,14.865592,23.486945,12.752010,24.837869,7.27245990164982,2.70232574625136
12.2093408,14.737536,23.600406,12.705254,25.019303,6.84414208193144,3.35723297445578
12.2365728,14.757237,23.468035,12.621094,24.933361,7.01474001440503,3.24421586650587
12.2891792,14.629181,23.543675,12.536934,24.914262,7.16424062548165,3.71446110281487
12.3190208,14.717835,23.723322,12.546285,25.019303,7.59223617384618,3.83285386532191
12.3502928,14.707985,23.817872,12.527583,25.152992,7.49965944428224,4.13258451013672
12.390176,14.619331,23.723322,12.499529,25.047951,7.36671225461186,4.14359473875844
12.4202592,14.658733,23.761142,12.546285,25.038402,7.47728232086884,4.00780141234296
12.4515984,14.619331,23.647681,12.583689,25.038402,6.93809847105104,3.88964003286318
12.4941024,14.619331,23.515310,12.630445,25.009754,6.51093168422853,3.62571604462788
12.523016,14.579929,23.505855,12.583689,24.990656,6.56171015816304,3.76103835813689
12.553016,14.619331,23.628771,12.649147,25.210287,6.20386480239791,3.92810883521851
12.5840608,14.619331,23.581496,12.752010,25.095697,6.10352349049658,3.55633865378221
12.6353456,14.589779,23.439670,12.677201,25.152992,5.66690688204654,3.6656647278045
12.6666704,14.520826,23.458580,12.705254,25.258033,5.1441903768238,3.87808042528507
12.6952208,14.471574,23.449125,12.705254,25.210287,5.11296152269766,3.91141614026476
12.7377856,14.510975,23.439670,12.789414,25.258033,4.82247332073758,3.71473093546324
12.769192,14.510975,23.420759,12.742658,25.277131,4.84723790058968,3.80487079933326
12.7980992,14.451873,23.430214,12.649147,25.420369,4.5639719788454,4.26308950729081
12.83164,14.442022,23.354574,12.714605,25.296230,4.48638990073184,3.94112077735546
12.876712,14.363218,23.382939,12.695903,25.343975,4.25915821745954,4.21140677354569
12.908184,14.373069,23.449125,12.602392,25.554057,4.1457821105741,4.66882612183446
12.9493568,14.323816,23.430214,12.667850,25.554057,3.76498543537444,4.61731253053406
12.9994256,14.264714,23.468035,12.555636,25.554057,4.02221033331788,4.98975378637668
13.0289728,14.343517,23.496400,12.555636,25.544508,4.35634918413149,4.8568022217537
13.0626336,14.254863,23.534220,12.471476,25.563607,4.39583970718568,5.25300573842912
13.1006,14.245013,23.534220,12.574338,25.525410,4.18373572150377,5.03158089534586
13.1304096,14.245013,23.486945,12.527583,25.515861,4.20828389897808,5.06210703973142
13.162704,14.284415,23.562586,12.564987,25.449016,4.62162652294019,4.9221661510536
13.2040736,14.363218,23.534220,12.583689,25.410820,4.82132160615442,4.66213441532327
13.2330416,14.323816,23.562586,12.611743,25.458566,4.57404856428126,4.76522433740223
13.2755888,14.382919,23.534220,12.611743,25.429918,4.74332428645776,4.59004441363947
13.3255104,14.333667,23.553130,12.593041,25.372623,4.87313670495673,4.68070961376053
13.3592672,14.343517,23.562586,12.602392,25.458566,4.65691602610724,4.74517686347342
13.3966848,14.313966,23.581496,12.630445,25.458566,4.54676582667668,4.76820418806327
13.439168,14.343517,23.401849,12.564987,25.353525,4.60281161603494,4.53383529123828
13.4716864,14.254863,23.619316,12.508880,25.544508,4.58724002331526,5.25013003684133
13.5093792,14.274564,23.628771,12.536934,25.706844,4.13029757883992,5.33885838297294
13.5432112,14.225312,23.572041,12.499529,25.659098,4.06848257017672,5.39696785444241
13.5803024,14.225312,23.676046,12.443423,25.697295,4.41675595822702,5.65602213035373
13.61168,14.146508,23.647681,12.359262,25.668648,4.43087928067988,5.91407363623266
13.6426064,14.126807,23.676046,12.406018,25.640000,4.40415883301821,5.86088094996101
13.704128,14.146508,23.704412,12.349911,25.659098,4.64705798320342,5.98192585339225
13.7350736,14.166209,23.789507,12.303156,25.678197,5.02514819172976,6.14405400001656
13.7678432,14.126807,23.780052,12.340560,25.725943,4.64330463400104,6.18801396787562
13.8065296,14.146508,23.761142,12.340560,25.687746,4.75423733375204,6.08973423824703
13.8363824,14.048003,23.798962,12.396667,25.754590,4.23138761516769,6.2820898986084
13.8667216,14.136658,23.798962,12.387316,25.640000,4.83689795834366,6.00721058955989
13.9139568,14.156358,23.780052,12.434071,25.573156,4.89635463667136,5.78746326345323
13.9480816,14.245013,23.694957,12.471476,25.506311,4.99038955121901,5.38166230184022
13.9779056,14.195760,23.619316,12.434071,25.429918,4.9583092102671,5.38967099812223
14.0128544,14.225312,23.562586,12.508880,25.382172,4.80313486216748,5.07513872251102
14.0493328,14.274564,23.590951,12.527583,25.391721,4.94457497281722,4.98321184428298
14.0805936,14.294265,23.742232,12.611743,25.468115,4.9749065136318,5.02332113587672
14.1141616,14.264714,23.713867,12.574338,25.487213,4.86200463348787,5.14329463707978
14.1617088,14.284415,23.657136,12.518232,25.382172,5.21569779408159,5.04245700985593
14.1917504,14.225312,23.723322,12.499529,25.477664,5.01680117095359,5.36510880251969
14.2230064,14.235162,23.742232,12.480827,25.439467,5.26111702209969,5.36194693900714
14.2630096,14.195760,23.798962,12.349911,25.515861,5.46625360632221,5.83449057800887
14.2954672,14.136658,23.874603,12.359262,25.554057,5.37751726552878,6.05123671638922
14.324128,14.038153,23.884058,12.312507,25.601803,5.12079331923921,6.39556634202724
14.357704,14.166209,23.817872,12.200293,25.668648,5.42687277408289,6.36518069201589
14.407776,13.998751,23.865148,12.237698,25.802336,4.5958497917173,6.80899156021414
14.4379104,13.919947,23.902968,12.134836,25.926475,4.41808831339979,7.33435539593496
14.4680112,13.919947,23.855693,12.097431,25.878730,4.52514682438969,7.31008480752557
14.5293504,13.910097,24.025884,12.041324,26.069713,4.59986553480204,7.81182852371441
14.5806464,13.900246,23.950243,12.013271,25.945574,4.78879286072052,7.68188176031023
14.6314432,13.811592,23.921878,11.947813,25.926475,4.69501058893065,7.93883346114264
14.6615632,13.841143,24.092070,11.938462,26.155656,4.64003639291894,8.30694203835544
14.6914912,13.821442,24.035339,11.975866,26.021967,4.69565543859152,8.0776980731407
14.7278576,13.821442,23.997519,11.994569,26.107910,4.28975159164461,8.08978270946572
14.7804384,13.910097,23.997519,12.003920,26.050615,4.67950390926783,7.83716967502475
14.8128672,13.841143,23.931333,12.031973,26.079262,4.13174284194257,7.87965867083388
14.8580784,13.801742,24.035339,11.985218,26.155656,4.23257790219554,8.23463140993666
14.8854016,13.722938,23.988064,11.947813,26.079262,4.19472994742424,8.33937395394951
14.9154864,13.713087,24.035339,11.966515,26.079262,4.24887873126294,8.36997287550422
14.9492768,13.772190,24.054249,12.003920,26.136557,4.20325420940296,8.25594991112447
14.9880128,13.703237,24.035339,11.966515,26.232049,3.78679149582199,8.54495256342366
15.0178336,13.594882,24.110980,11.882355,26.184303,4.06735558563843,8.95678631804655
