0.0482384,14.667564,22.730539,12.122256,26.327541,0.183105495304311,1.6575765717618
0.078216,14.756223,22.692719,12.159656,26.203402,0.574573111983954,1.24032626732767
0.1182976,14.736521,22.645443,12.206406,26.184303,0.302841452911242,1.11692743985142
0.1596176,14.766074,22.692719,12.159656,26.193852,0.62998539728446,1.21102231164471
0.1895376,14.785776,22.739994,12.197056,26.155656,0.825590389993657,1.11006966413951
0.2319328,14.815329,22.683264,12.253156,26.155656,0.588969385997574,0.883689964235323
0.2607328,14.805478,22.702174,12.281206,26.165205,0.509213480781395,0.879005169579877
0.29448,14.844882,22.711629,12.327956,26.165205,0.518582207452183,0.722933224955533
0.3222304,14.805478,22.607623,12.318606,26.165205,0.130802222912436,0.705426684448966
0.3730128,14.785776,22.749449,12.234456,26.222500,0.559068534065197,1.11916715810564
0.4144656,14.815329,22.588713,12.281206,26.146107,0.263601568224159,0.71781406583812
0.4645456,14.756223,22.749449,12.290556,26.241598,0.262389822759172,1.08823168919572
0.5071264,14.726670,22.702174,12.225106,26.270246,0.143880130949291,1.25214813839785
0.537112,14.687266,22.739994,12.131606,26.193852,0.618021657907426,1.4689512118215
0.5683584,14.667564,22.683264,12.150306,26.241598,0.209285393202644,1.46132490635924
0.6143824,14.647861,22.787270,12.169006,26.289344,0.266139099069105,1.62468571922736
0.6506896,14.608457,22.900730,12.094206,26.394385,0.394965594973574,2.07787149542917
0.6806096,14.677415,22.806180,12.019406,26.365738,0.612384929057802,1.95917465066623
0.7320496,14.716819,22.853455,11.982006,26.337090,1.04878945549788,1.97496519345417
0.7633632,14.706968,22.891275,11.944606,26.317992,1.28904888101303,2.086812281788
0.793152,14.638010,22.872365,11.982006,26.375287,0.768249894626288,2.18885785676979
0.8444736,14.647861,22.900730,12.019406,26.260697,1.09650699482626,2.00566713261932
0.8746608,14.657712,22.891275,11.991356,26.308443,1.04197105186765,2.08161264957857
0.9071408,14.588755,22.919641,11.925906,26.384836,0.893974400473883,2.4544707697471
0.9557472,14.578904,22.948006,11.944606,26.384836,0.894568145551488,2.46699002166267
0.9855696,14.529649,22.976371,11.888506,26.528074,0.588516204143422,2.85293981226077
1.0266912,14.450841,23.023646,11.851106,26.499426,0.683722847609999,3.10027107945319
1.0782432,14.529649,23.042557,11.757607,26.480328,1.28385785494029,3.12893316228161
1.1083408,14.450841,23.146562,11.720207,26.575820,1.19210733170582,3.56481097949541
1.138336,14.440990,23.061467,11.682807,26.633115,0.862202779702536,3.62907526999303
1.1796384,14.401586,23.033101,11.710857,26.604467,0.668123755100139,3.59234790679317
1.2096816,14.529649,23.108742,11.879156,26.623566,0.727416180882448,3.10861731511078
1.2522752,14.480394,23.108742,11.851106,26.518525,0.960467755804064,3.15082059063249
1.303296,14.450841,22.900730,11.851106,26.547172,0.193473498031233,3.0217885079022
1.332968,14.519798,22.910186,11.860456,26.518525,0.474852120974375,2.84800778772952
1.3656816,14.509947,23.033101,11.916556,26.508975,0.67010273595583,2.8759034089321
1.3996288,14.549351,23.033101,11.907206,26.518525,0.783083520626557,2.82707562783616
1.44576,14.549351,22.985826,11.925906,26.451680,0.782542473044056,2.67115712365331
1.4757952,14.559202,22.966916,11.925906,26.317992,1.13412367063239,2.49170744653167
1.5071824,14.588755,22.976371,11.963306,26.375287,0.97890083146629,2.43097768867295
1.5571552,14.598606,22.910186,11.991356,26.327541,0.872079986089869,2.23704589273375
1.5872096,14.628159,22.976371,12.019406,26.317992,1.09575378479786,2.18437507932082
1.618152,14.569053,23.033101,12.019406,26.365738,0.954196699049663,2.40949155112851
1.6595024,14.569053,22.985826,11.953956,26.375287,0.975771933523673,2.49766970682062
1.7007584,14.509947,23.070922,11.897856,26.384836,1.18218898151439,2.82231105221132
1.7322784,14.470543,23.052012,11.907206,26.508975,0.637343073236796,2.99111392650521
1.7721312,14.460692,23.033101,11.841756,26.499426,0.76586101479912,3.10914786703837
1.8032656,14.342480,23.089832,11.851106,26.556721,0.400263118662157,3.44180696704245
1.8331072,14.303076,23.108742,11.785657,26.671311,0.202605590324941,3.78664583839885
1.8671872,14.391735,23.146562,11.738907,26.642664,0.780303126573443,3.7135370348857
1.923344,14.312927,23.080377,11.720207,26.699959,0.252654862565024,3.8966479154189
1.966832,14.175012,23.288388,11.692157,26.929139,-0.109748231755227,4.67308129016399
2.0081536,14.214416,23.241113,11.589307,26.852746,0.37097245340078,4.67257298215482
2.037096,14.125757,23.269478,11.477107,26.890943,0.405159085334758,5.13962956313696
2.0683424,14.086353,23.250568,11.430357,26.957787,0.179583749875422,5.36014214791283
2.0993856,14.066651,23.382939,11.336857,26.995984,0.661732041784174,5.75888021811981
2.1607968,13.968141,23.449125,11.327507,27.101025,0.298422278525253,6.1469726083352
2.1896352,14.007545,23.420759,11.318157,27.120123,0.302895945540673,6.07748680317452
2.2244448,14.027247,23.392394,11.299457,27.062828,0.492035441308789,5.98944638548371
2.263104,13.889332,23.468035,11.243357,27.120123,0.308393574646176,6.51217089172008
2.2922176,13.958290,23.515310,11.215307,27.186967,0.535229054443763,6.54386697833458
2.3223504,13.918885,23.534220,11.243357,27.148770,0.504622503291182,6.54743937303187
2.3657344,13.938588,23.600406,11.215307,27.186967,0.723940624131771,6.66815675994761
2.403024,13.830226,23.694957,11.205957,27.196516,0.68355199658064,7.00808876497531
2.4345584,13.731716,23.676046,11.205957,27.225164,0.263638400513199,7.21624566309196
2.474624,13.731716,23.808417,11.103108,27.320656,0.666679266885859,7.64832237799693
2.5057776,13.761269,23.770597,11.121808,27.292008,0.670865502742762,7.48558207552129
2.5494192,13.702163,23.676046,11.149858,27.244262,0.282354465055744,7.40812509392151
2.607024,13.514993,23.959699,11.056358,27.397049,0.394368424511004,8.40434502440832
2.6370784,13.495291,23.921878,11.056358,27.444795,0.093810436986038,8.45401320169459
2.6683168,13.505142,24.025884,10.981558,27.454344,0.606231221419787,8.69612213608439
2.7031168,13.396781,24.035339,10.990908,27.492541,0.186824406920035,8.94376647974097
2.7395264,13.357377,24.092070,10.944158,27.406598,0.610744009676937,9.09143344579925
2.7694432,13.386930,24.035339,10.934808,27.463893,0.396943688737992,9.050702617804
2.7994416,13.239165,24.167710,10.916108,27.521189,0.243681536857449,9.57349755083848
2.8534176,13.199760,24.252806,10.888058,27.502090,0.508644956440806,9.77488464011259
2.8821104,13.150505,24.356812,10.897408,27.482992,0.694241347272199,9.9377191484427
2.9133328,13.051995,24.470272,10.860008,27.588033,0.546792160495169,10.4241567459062
2.9557968,13.012591,24.432452,10.897408,27.463893,0.568260263771695,10.2749640126199
3.0057728,12.983038,24.451362,10.822608,27.502090,0.64081597519022,10.544170698937
3.0358128,12.983038,24.593188,10.841308,27.540287,0.889543659007125,10.6754765692992
3.0971696,13.081548,24.536458,10.841308,27.454344,1.25246301304286,10.3380070882024
3.1270192,13.022442,24.621554,10.822608,27.358852,1.65046634725583,10.4883846459829
3.1570128,13.022442,24.659374,10.831958,27.397049,1.62445206310355,10.5409331667
3.2021504,13.189909,24.631009,10.841308,27.330205,2.18622517101767,10.0873697132578
3.2397536,13.249016,24.517548,10.813258,27.196516,2.49018213771128,9.78831443465578
3.2730864,13.209612,24.545913,10.803908,27.215615,2.43077815210095,9.93377788867661
3.323048,13.219463,24.649919,10.813258,27.234713,2.6757586850576,10.0115512461903
3.3518224,13.219463,24.782290,10.775858,27.177418,3.32323373053434,10.1596193034155
3.3830208,13.180058,24.716104,10.785208,27.139221,3.10434520569564,10.1222822174502
3.4232,13.140654,24.659374,10.766508,27.158320,2.82825214709538,10.2061175166654
3.4545616,13.140654,24.668829,10.729108,27.110574,3.0986330717982,10.2468160111583
3.4843296,13.180058,24.725559,10.747808,27.139221,3.2381557444634,10.2082181777243
3.5170368,13.130803,24.876841,10.757158,27.129672,3.52969677575998,10.4246748818162
3.5557936,13.150505,24.905206,10.757158,27.091475,3.77570051540158,10.3748263147465
3.5856464,13.160356,24.905206,10.775858,27.053279,3.85949412832838,10.2799274673941
3.6268096,13.219463,24.791745,10.785208,26.976885,3.89682904114418,9.95873868469265
3.6681472,13.199760,24.810655,10.747808,27.072377,3.72817521645958,10.1850061763454
3.699312,13.150505,24.876841,10.747808,26.967336,4.07744618499198,10.2495132331615
3.7318096,13.209612,24.801200,10.738458,27.024631,3.89284640586887,10.1296201683331
3.7632288,13.160356,24.829565,10.757158,27.043730,3.72504276847884,10.2376144472655
3.8134656,13.170207,24.848475,10.747808,27.091475,3.6970669864039,10.2998063927276
3.8507536,13.180058,24.763380,10.747808,27.072377,3.53726256691357,10.1806436637937
3.8921504,13.120952,24.820110,10.757158,27.091475,3.44908970047523,10.3550979052234
3.9219248,13.120952,24.876841,10.775858,27.206066,3.23027674418164,10.4786331668789
3.9535072,13.042144,24.943026,10.766508,27.167869,3.32990545099152,10.6865552057939
3.9834992,13.091399,24.810655,10.710408,27.186967,3.19842222720798,10.5938370274442
4.037136,13.002740,24.867386,10.785208,27.272910,2.64902112103342,10.7569155942403
4.0658752,13.130803,24.735014,10.757158,27.263361,2.74370404549776,10.4169794229282
4.0971712,13.071697,24.735014,10.691708,27.120123,3.17040084066866,10.5383636118349
4.1472864,12.963336,24.857930,10.701058,27.186967,2.99415241048083,10.9224211292619
4.17848,13.071697,24.886296,10.757158,27.263361,3.00689120665324,10.6814188919544
4.2096336,13.032293,24.848475,10.831958,27.186967,2.7909730862023,10.5008350892476
4.2531376,13.032293,24.820110,10.766508,27.253811,2.70591513451995,10.6720310963207
4.2908416,12.983038,24.820110,10.803908,27.282459,2.37708221632995,10.7234730977809
4.3220016,12.992889,24.725559,10.729108,27.292008,2.31988801620331,10.777502643939
4.3570816,12.973187,24.753925,10.794558,27.301557,2.13143199910487,10.718732669876
4.3920608,12.923932,24.716104,10.803908,27.320656,1.80050347221596,10.7835165910792
4.4331568,12.963336,24.687739,10.813258,27.377951,1.64318780419946,10.7100887567701
4.4871104,12.963336,24.640464,10.822608,27.406598,1.39954870051022,10.6732319971201
4.5258096,12.904230,24.640464,10.906758,27.406598,0.991283330548209,10.6215701749888
4.555848,12.992889,24.574278,10.888058,27.425697,1.05492895514894,10.432934708658
4.5947104,12.914081,24.621554,10.822608,27.492541,0.960098797859144,10.838049239558
4.6480256,12.914081,24.640464,10.888058,27.521189,0.749121811003286,10.7477500574671
4.6807264,12.914081,24.564823,10.916108,27.444795,0.667214456070477,10.5466305079579
4.7107312,12.953485,24.545913,10.860008,27.425697,0.938766930593816,10.5451465826729
4.7481152,12.923932,24.555368,10.794558,27.416148,1.09298102566361,10.7413103045666
4.7781184,12.943634,24.574278,10.813258,27.397049,1.20556440376661,10.6617441429914
4.8093776,12.963336,24.744470,10.803908,27.416148,1.72443294441953,10.8187272895918
4.8608592,12.933783,24.735014,10.738458,27.320656,2.06917454259985,10.916318293461
4.8907392,12.983038,24.924116,10.803908,27.454344,2.18706173320642,10.9823370595815
4.9220608,12.923932,24.857930,10.813258,27.339754,2.1268625456253,10.9155586320084
4.9631792,12.992889,24.820110,10.775858,27.339754,2.32219864092577,10.8149188874296
4.9932976,12.884528,24.706649,10.701058,27.234713,2.19726931975062,10.988270778849
5.0233424,13.002740,24.895751,10.766508,27.349303,2.5660967729275,10.8938750344686
5.0556544,12.983038,24.905206,10.766508,27.339754,2.56394757772791,10.9344136790088
5.1083568,12.894379,24.886296,10.710408,27.215615,2.76940186375721,11.0994932741394
5.1559472,12.864826,25.028122,10.682358,27.397049,2.65369912188517,11.5209457838362
5.1944448,12.904230,24.924116,10.691708,27.311107,2.68694423415333,11.2427784852005
5.2271136,12.894379,24.914661,10.691708,27.196516,2.9585829064701,11.1469587335376
5.2656208,12.923932,25.018667,10.691708,27.263361,3.14948601638025,11.2457600035773
5.2993488,12.904230,24.876841,10.701058,27.196516,2.85176500485327,11.0716327619945
5.3494064,12.923932,24.924116,10.682358,27.167869,3.17882515909512,11.0870563167924
5.3794688,12.943634,24.924116,10.719758,27.101025,3.31940298636175,10.9058935853445
5.4143616,13.022442,25.018667,10.682358,27.139221,3.81155943085939,10.9450845942321
5.4632992,13.032293,25.094307,10.663658,27.206066,3.91685361159233,11.0969103223702
5.4923056,13.180058,24.961936,10.701058,27.062828,4.26350590164972,10.4560188029396
5.5408464,13.150505,24.943026,10.766508,26.957787,4.23942375135722,10.2647603229169
5.5835328,13.209612,24.952481,10.766508,26.995984,4.32452603095879,10.1883976361488
5.6143328,13.278569,24.924116,10.757158,26.824098,4.9603579385709,9.87544571838592
5.6480528,13.239165,24.876841,10.785208,26.805000,4.68870077105176,9.83539655797498
5.6856704,13.278569,24.848475,10.888058,26.680861,4.7813676819535,9.39712271289385
5.720896,13.347526,24.952481,10.888058,26.690410,5.24378792918696,9.36500581289845
5.7635456,13.347526,24.924116,10.925458,26.680861,5.08340275090387,9.25213178538479
5.8085152,13.367228,24.782290,11.028308,26.594918,4.68879479299145,8.78209558087046
5.8395792,13.327824,24.735014,11.103108,26.699959,3.92637400450978,8.76586139480865
5.869568,13.337675,24.763380,11.215307,26.766803,3.52352159753345,8.60977125527931
5.9195552,13.130803,24.214986,11.673457,26.881393,-0.263684342776751,7.67800940791977
5.950632,13.081548,23.628771,12.112906,26.948238,-3.53189665550323,6.37687041531352
5.9820704,12.894379,23.165472,12.477555,27.072377,-6.80839191534737,5.67957251787427
6.0232112,12.549593,22.985826,12.720655,27.549836,-10.3382032973267,6.18335695912092
6.0521088,12.066892,22.777814,13.010505,28.017746,-14.4593993940521,6.83004203866734
6.083072,11.643298,22.654899,13.122704,28.266025,-17.0971794302594,7.58286572337195
6.116976,11.121194,22.607623,13.132054,28.495205,-19.5073753272461,8.80672027091658
6.1558,10.756706,22.427977,13.291004,28.714836,-22.2141615087447,9.26840293656487
6.1858288,10.441473,22.097049,13.449954,29.115902,-25.7202828563213,9.65920396626001
6.2169872,10.136091,21.936313,13.627604,29.536066,-28.7312655203085,10.1732482233186
6.2597376,9.958773,21.624296,13.777203,29.889385,-31.5803115782897,10.2702332206495
6.2907952,9.564732,21.217728,13.880053,30.471885,-35.9154387086219,11.0435459241519
6.3193568,9.397264,20.480232,13.926803,30.806107,-39.9214902325324,10.9127917149617
6.3506928,9.259350,20.045299,14.039003,30.815656,-42.2114994606648,10.5582936956434
6.4119664,9.259350,20.754429,13.908103,30.204508,-37.993222096386,10.9291106011553
6.4422992,11.308363,25.255043,13.141404,26.824098,-6.43945842500412,9.34583412673865
6.4758544,14.263671,30.351328,11.654757,22.956680,30.5215291365773,7.59944278280673
6.5247216,16.480152,36.175652,8.541212,18.220287,73.7756861596501,10.3540962041935
6.5548944,18.301406,44.704128,4.361768,15.811801,114.668834479887,20.0667849057636
6.5895952,19.150580,45.763096,3.351970,14.313968,127.055042658695,20.0592918114914
6.626896,19.062735,45.016145,3.351970,14.149689,126.792581237065,19.5439405880872
6.6570576,18.115955,43.370962,3.267820,13.792142,125.639774601848,20.1169830744073
6.688184,17.647445,42.179623,3.295870,13.695508,123.910320746304,20.0276671601724
6.7299696,17.344865,42.510551,3.277170,13.792142,123.603964037655,21.0658022441771
6.759624,17.120371,45.139061,3.108870,14.565217,123.944499973109,24.4869149860539
6.7924304,17.647445,45.819826,3.118220,14.487910,125.653549772865,23.7896214237711
6.8370848,18.379491,45.347072,3.118220,13.801805,128.839665795039,21.4109491945008
6.8833024,19.697175,42.520006,3.155620,12.207338,133.939389901319,15.0262023250292
6.912368,21.180790,39.295826,3.389370,10.951091,136.690375539772,7.31229703628853
6.9459376,21.659060,36.289113,3.688569,10.168353,136.124871353847,1.70283427262009
6.9943696,20.653716,32.960928,3.697919,9.530566,133.992869689535,-0.874529306456694
7.0446192,19.111538,27.231154,3.538969,7.868454,134.15424151495,-7.23699843806628
7.0869632,17.520557,26.843496,3.295870,8.013406,131.727024952922,-3.06168946407999
7.1174176,17.530317,26.900226,3.445470,8.081050,130.49197413444,-3.27874516821782
7.147024,17.286302,28.677780,3.997119,9.598210,120.846314054596,0.712918727759096
7.1798224,18.672310,31.627762,5.184567,11.356956,112.529038853729,0.811210722016092
7.2284176,23.806397,33.216214,7.101314,11.801474,111.883096182353,-10.6260360977276
7.2585424,30.580269,39.380922,8.915211,13.569883,114.369353313868,-15.2193838935561
7.293304,31.468486,41.574499,8.849761,13.956420,116.65780178361,-13.718321105909
7.3423648,31.946756,41.508313,7.998912,12.835462,124.008557974455,-14.4038669913526
7.3706752,34.396673,34.606110,8.008262,9.984747,130.129310583026,-28.9473465681916
7.4023008,34.757816,31.873594,8.148512,9.202009,130.228010128186,-34.2968868955031
7.4424144,34.552843,31.240104,8.195262,9.076384,129.651235528684,-35.1490103324937
7.4737072,34.035530,30.133861,7.419213,7.936099,136.077703023889,-36.663941550985
7.5047328,34.953028,29.311270,6.979764,7.066389,142.020018118409,-39.8986517643029
7.535896,36.495206,27.694452,7.325714,6.563890,142.658223459028,-45.7736841910996
7.5746416,37.217493,25.784528,7.886713,6.187016,140.620959929287,-51.2358498280499
7.604896,37.978821,24.895751,8.335512,6.061392,139.010279201574,-54.4685375216327
7.6374192,38.886559,24.744470,8.569262,5.955094,139.216566850242,-56.253022318012
7.7043056,39.647887,23.486945,8.887161,5.703844,138.400565157689,-60.1839013557799
7.7407392,40.145679,22.806180,9.251810,5.549229,137.259189470211,-62.6633441340424
7.7696064,41.004614,21.690481,9.373360,5.075721,138.584287844901,-66.7041529891102
7.8197248,42.136846,21.009716,9.429460,4.843798,139.856393065726,-69.6736558636681
7.849448,42.273495,20.603148,9.541660,4.776154,139.373416393742,-70.8519996465479
7.8823008,42.185649,20.215490,9.915659,4.940433,136.421811686834,-71.5721403809232
7.9208656,42.312537,19.714371,10.252259,4.930769,134.537323489011,-73.0349989327631
7.9508208,42.507750,19.307803,10.383159,4.901779,133.844125563526,-74.2197148590237
7.9820272,42.810329,19.222707,10.392509,4.814808,134.434695337367,-74.8572604227726
8.0195984,42.927457,19.090336,10.504709,4.814808,133.913382064139,-75.3364609458149
8.0533296,43.464291,18.627038,10.729108,4.737501,133.336171253685,-77.1261810658945
8.0970944,43.503333,18.513577,10.869358,4.756827,132.540950901096,-77.4779406008811
8.127064,43.630221,18.740499,11.009608,4.930769,131.547061144636,-76.8937349170182
8.165792,43.425248,19.203797,11.346207,5.249663,128.981121972121,-75.4376123952607
8.1956304,43.171472,19.950748,11.738907,5.839132,125.369488620913,-72.9484288694304
8.2283952,42.556553,20.423501,12.047456,6.447929,121.391611648107,-70.6150731079915
8.2672416,41.307193,20.971896,12.103556,6.989082,118.088196198763,-67.4663684442399
8.3084592,40.126158,21.482470,12.056806,7.375619,115.858172727447,-64.6227702897028
8.3431856,38.437570,22.021409,11.617357,7.675186,114.938832350967,-60.9128085756415
8.373008,37.227253,22.617078,11.168557,7.742830,115.709996986508,-57.9190175707656
8.4118688,36.143824,23.269478,10.280309,7.655859,119.278932584309,-54.6543936969823
8.4423264,35.187283,24.092070,9.345310,7.568888,123.563434547362,-51.0702054127743
8.4758272,34.835901,24.886296,8.859111,7.626869,126.014935860864,-48.5387509309582
8.5194448,34.572364,26.068180,8.559912,7.945762,127.043359096015,-45.2860813945234
8.554536,33.996487,26.616574,8.363562,8.158358,126.938666391913,-43.0220599748873
8.587176,33.215637,27.183878,8.111112,8.370953,126.857436095953,-40.3703968269431
8.6470288,31.458725,28.857426,7.428563,8.863789,127.598826656437,-33.5470150318305
8.6771136,29.506601,30.143316,6.811464,9.308307,127.56562290894,-27.0971736875603
8.7071248,28.589102,30.786261,6.465515,9.424268,128.271218923827,-24.0024198819269
8.759664,27.447110,31.760133,5.857766,9.530566,130.361427003978,-19.6075355421128
8.7910208,26.207510,33.632238,5.137817,9.781815,133.271812367279,-13.4082912835466
8.820872,25.729240,33.717333,4.885367,9.723835,134.26586707663,-12.066842839574
8.8708448,25.270491,34.568290,4.707718,9.936430,134.552583755214,-9.5782147349278
8.9072224,24.811741,35.683988,4.511368,10.274651,134.63992937066,-6.6204273803457
8.960888,24.304189,35.494887,4.343068,10.033065,135.763953282583,-5.86783062505904
8.9972704,25.065518,36.213472,4.464618,10.158689,136.263445671616,-6.51623915874068
9.0247696,24.489641,36.733501,4.249568,10.322968,136.43614168371,-4.26184096099233
9.0557664,23.474536,37.527728,4.006469,10.593544,136.065810309886,-0.68852289594799
9.0971744,23.581903,37.915386,3.959719,10.661188,136.513713632759,-0.308363907136101
9.1272976,22.381346,39.986046,3.604419,11.308638,136.127652042318,5.52257042263009
9.1584208,20.565871,40.903188,3.118220,11.598542,136.042751462518,11.3092300322336
9.1908672,20.692759,39.919861,3.389370,11.424600,134.64278327795,9.39258291233558
9.23964,19.716697,40.458800,3.408070,11.956089,131.616340026117,12.3911312034204
9.2696304,17.696248,41.725780,3.884919,12.941759,124.129971172076,17.6558812135263
9.3032224,17.501035,41.678504,4.174768,13.183345,121.484199584955,17.6175890385564
9.351832,16.876355,41.782510,4.530068,13.627864,117.332648186061,18.6517795124459
9.4018944,15.829985,41.026104,5.203267,14.922764,106.482519216388,19.8934602229525
9.4371072,15.337433,40.033322,6.502915,18.191639,86.1348098824272,19.9939836800324
9.473584,14.303076,38.359774,7.157414,19.872295,72.8223627130177,20.7898530507721
9.5046336,13.140654,35.078864,7.409863,20.015533,62.699005122335,20.2472502513739
9.5345632,12.953485,32.516539,7.933463,20.941803,51.5104484882546,18.1327122301089
9.59072,12.520040,30.634980,8.690811,23.290902,35.3799748382411,17.824556898551
9.6468784,11.869872,29.481461,9.279860,25.420369,22.1191059172862,18.7820235915495
9.6880848,11.465980,28.214481,9.616460,26.757254,12.5982260517623,18.985936063663
9.7182112,11.249257,27.306794,9.766060,27.110574,8.00517018773824,18.6680953428411
9.749208,11.308363,26.427472,9.896959,27.530738,4.07261651217261,17.8642758569448
9.7808384,11.268959,26.115455,10.074609,28.227828,0.559081326866435,17.8925752734076
9.8207872,11.239406,25.510330,10.364459,28.466557,-2.77673758123315,17.0170974329107
9.8508208,11.663000,25.132128,10.598208,28.418811,-3.16009395270238,15.2390958624477
9.8822816,11.840319,24.706649,10.822608,28.313770,-4.22221671062126,13.9149623715543
9.9235072,11.978233,24.545913,11.000258,28.122787,-4.25291131681976,12.9312234735924
9.963136,12.549593,24.196075,11.346207,27.683525,-3.34080352770817,10.2883197554786
9.994536,12.904230,24.035339,11.551907,27.349303,-2.41477006669282,8.66576250235043
10.037072,12.963336,23.997519,11.598657,27.215615,-2.11040958712099,8.28355084186802
10.0759344,13.258867,23.846238,11.776307,26.938689,-1.41189339383856,6.904478042265
10.1070976,13.347526,23.817872,11.692157,26.881393,-0.8401473871157,6.81024011729854
10.1372304,13.465738,23.723322,11.841756,26.757254,-0.842677055286728,6.05341337405336
10.1883632,13.830226,23.628771,12.028756,26.222500,0.919525724299868,4.31436508283308
10.2298224,14.066651,23.609861,12.122256,26.012418,1.87664811286501,3.42580499561394
10.2798048,14.638010,23.382939,12.636505,25.057500,4.11992599822623,0.0566134888982148
10.3097936,15.071456,23.373484,12.935705,24.303115,6.63527054820932,-2.18435791603668
10.340624,15.416242,23.297843,13.141404,23.720615,8.49060134851122,-3.96526271093299
10.3722368,15.642815,23.657136,13.253604,23.529631,10.3465489831079,-4.40627240482809
10.4108528,15.820134,23.638226,13.365804,23.128566,11.6337852808414,-5.4241037080555
10.4448144,15.829985,23.855693,13.356454,23.052172,12.5087733855589,-5.26260133717629
10.4747008,15.829985,23.846238,13.262954,22.937582,13.1022725654793,-5.23237503867847
10.5248192,15.790581,23.761142,13.319054,22.756148,13.1374238594991,-5.57150425977462
10.5559392,15.770879,23.959699,13.253604,22.880287,13.4491851322071,-5.04080220369942
10.5872752,15.780730,24.101525,13.197504,22.975779,13.7430308540748,-4.68301753761667
10.6259776,15.692070,24.139345,13.047905,22.956680,14.1100646813664,-4.21817762115948
10.6807856,15.603411,24.347357,12.832855,23.109467,14.619939448247,-3.24076934543703
10.7206832,15.623113,24.413542,12.776755,23.090369,15.0777934941158,-3.11940665852867
10.7709744,15.495050,24.555368,12.645855,23.090369,15.5094331217323,-2.47218290596803
10.799576,15.455646,24.791745,12.486905,23.061721,16.6063754258165,-1.86504802740917
10.8309872,15.485199,24.848475,12.543005,23.052172,16.6961876258347,-1.97520025448824
10.8982624,15.475348,24.820110,12.580405,22.928033,16.8570442093502,-2.19679631840382
10.9326624,15.445795,24.801200,12.571055,22.937582,16.7266836178655,-2.13347245981003
10.973336,15.465497,24.820110,12.617805,22.937582,16.688211548619,-2.23833888820721
11.0133728,15.534454,24.735014,12.748705,22.880287,16.421995698082,-2.7747887111999
11.0445584,15.583709,24.886296,12.748705,22.947131,16.7555445043606,-2.62396938013572
11.075864,15.544305,24.631009,12.776755,22.803893,16.3159723281672,-3.04867477556039
11.1156704,15.613262,24.583733,12.860905,22.717951,16.3795953051126,-3.48698231225886
11.1469616,15.573858,24.479728,12.879605,22.679754,16.0532263183757,-3.60913751503616
11.1873104,15.593560,24.527003,12.945055,22.765697,15.7751632094338,-3.61809272264794
11.2396832,15.554156,24.517548,12.982455,22.851639,15.2716518508535,-3.5278744068162
11.2683008,15.642815,24.413542,13.029205,22.918484,14.8887360475857,-3.82327827286084
11.3011136,15.504901,24.375722,12.982455,22.928033,14.5258905032024,-3.50940806895177
11.3419808,15.455646,24.441907,12.954405,22.985328,14.4838292303999,-3.22481599146162
11.3707792,15.455646,24.470272,12.842205,23.004426,14.840541214823,-2.96017870662346
11.4045312,15.435944,24.479728,12.851555,23.080820,14.5549455742515,-2.84430661271664
11.4357792,15.337433,24.470272,12.786105,23.204959,14.086329782352,-2.40639891039923
11.4832128,15.278327,24.621554,12.832855,23.271803,13.9958036003983,-2.14030711802741
11.5320672,15.219221,24.498638,12.758055,23.405492,13.3259950792567,-1.87480179840716
11.5733152,15.140413,24.366267,12.804805,23.453238,12.468137102105,-1.90779165605181
11.6032816,15.041903,24.318991,12.814155,23.529631,11.8133735510089,-1.70596481988707
11.6349776,15.061605,24.375722,12.786105,23.577377,11.9644805829566,-1.57446310033802
11.6646288,15.002498,24.394632,12.814155,23.730164,11.318083134019,-1.32609721409677
11.716936,14.982796,24.337901,12.758055,23.758811,11.1893962827908,-1.21260494949722
11.7471664,14.933541,24.252806,12.767405,23.777910,10.7351829119772,-1.20909221795798
11.777264,14.923690,24.290626,12.739355,23.691967,11.1500677104431,-1.18969503536348
11.8285088,14.943392,24.413542,12.786105,23.720615,11.3190122380431,-1.149799521745
11.8598064,15.051754,24.281171,12.832855,23.625123,11.3974684955899,-1.6964130359983
11.889744,15.022200,24.375722,12.851555,23.567828,11.6904227628488,-1.63456336409241
11.9332752,15.110860,24.347357,12.991805,23.625123,11.2709977290642,-2.03651447400079
11.9809776,15.071456,24.252806,12.982455,23.558279,11.1285616295791,-2.12329776043627
12.0123536,15.150264,24.110980,13.094654,23.462787,10.9057564842055,-2.74918946712031
12.0632144,15.160115,24.224441,12.982455,23.615574,11.1248134265253,-2.25885768463748
12.0929648,15.041903,24.177165,12.926355,23.634672,10.7789503947145,-1.96005139457616
12.1244672,14.972945,24.271716,12.963755,23.596475,10.8518375044524,-1.83761000596044
12.1819808,15.032052,24.186620,12.935705,23.653770,10.6937640638109,-1.92740586290919
12.2159728,14.943392,24.394632,12.898305,23.711066,10.9635154856681,-1.39474267128285
12.2458912,14.992647,24.432452,12.823505,23.787459,11.1978400291953,-1.22067504101638
12.2885072,14.854733,24.404087,12.739355,23.825656,10.8766995476059,-0.786397941903196
12.3183808,14.972945,24.470272,12.739355,23.902049,11.1576635148318,-0.856232790684551
12.3481072,14.933541,24.290626,12.804805,23.863852,10.4751797811105,-1.14435145399147
12.3842912,14.982796,24.148800,12.814155,23.586926,11.0115590526724,-1.71859235996746
12.41952,14.933541,24.186620,12.758055,23.596475,11.1183022984591,-1.46479116755659
12.4518912,14.992647,24.366267,12.776755,23.596475,11.7204105284842,-1.41465558806895
12.4808752,15.120711,24.404087,12.870255,23.596475,11.8974981709644,-1.79405589584754
12.5222512,15.179817,24.366267,12.935705,23.539180,11.931520015429,-2.13509714499337
12.5509168,15.258625,24.318991,12.982455,23.262254,12.7017082093424,-2.73356900079431
12.5821088,15.219221,24.252806,13.001155,23.090369,12.8706670572016,-2.96192088203452
12.6145584,15.366986,24.224441,13.085304,23.176311,12.6890158546655,-3.33403970274517
12.654624,15.386688,24.290626,13.066605,23.185861,12.9503955160074,-3.25061754946223
12.6844816,15.396540,24.186620,13.104004,23.013975,13.0952322802359,-3.65098086183729
12.7145216,15.386688,24.129890,13.150754,22.994877,12.8306927095911,-3.80633793682123
12.7571856,15.504901,24.139345,13.178804,23.080820,12.8389878629839,-3.97189420305451
12.8059072,15.524603,24.082614,13.300354,22.956680,12.7457484068915,-4.44140266649756
12.8397696,15.593560,23.950243,13.356454,22.880287,12.6331173375738,-4.91335169392241
12.888256,15.534454,24.044794,13.356454,22.908934,12.6445355373297,-4.66206527936883
12.918384,15.692070,23.912423,13.449954,23.033074,12.066900543223,-5.13730640418738
12.9495952,15.672368,23.884058,13.431254,22.994877,12.1043281189252,-5.14270724786591
12.9933408,15.623113,23.780052,13.478004,22.985328,11.5744528399172,-5.26877678457791
13.030936,15.544305,23.732777,13.440604,22.966230,11.3956372899769,-5.12967985635235
13.0609312,15.455646,23.751687,13.459304,23.090369,10.780175997915,-4.83488471557086
13.0985456,15.573858,23.846238,13.449954,23.243156,10.9418264060483,-4.75372920493813
13.1322864,15.554156,23.798962,13.440604,23.204959,10.8981623379695,-4.79758632823479
13.1634288,15.554156,23.780052,13.393854,23.243156,10.8714357723964,-4.68872849598088
13.2046128,15.504901,23.846238,13.337754,23.338648,10.8017790002497,-4.30841820196856
13.2534016,15.307880,23.846238,13.319054,23.434139,10.0328856075029,-3.79746742800803
13.2845472,15.258625,23.884058,13.197504,23.606025,9.85328941505197,-3.24064675682482
13.3281536,15.160115,23.969154,13.094654,23.644221,10.006366954517,-2.72342219084755
13.3657792,15.032052,24.006974,13.001155,23.844754,9.44202856201857,-2.0389376283109
13.3957792,14.933541,24.167710,12.851555,23.844754,10.0542773603947,-1.38971036759731
13.4557184,14.844882,24.356812,12.730005,23.949795,10.3803560978477,-0.665651864827066
13.492216,14.746372,24.489183,12.533655,24.045287,10.7714244270924,0.147874604361313
13.530936,14.716819,24.706649,12.384056,24.255369,11.1093615267996,0.952804827073273
13.56604,14.687266,24.697194,12.374706,24.178975,11.2556221036437,0.936155153871987
13.6048096,14.736521,24.612099,12.430806,24.121680,11.1607378619389,0.580031536137398
13.6333392,14.687266,24.593188,12.402756,24.035738,11.3109571049468,0.616482003618913
13.6646912,14.578904,24.706649,12.318606,24.236270,10.9802627907597,1.32589361547496
13.71576,14.569053,24.744470,12.327956,24.226721,11.0577919503184,1.3569974154478
13.7458,14.667564,24.725559,12.290556,24.169426,11.5568320067277,1.15722584675748
13.7757712,14.618308,24.706649,12.365356,24.264918,10.8658866777945,1.18949748795357
13.8234368,14.647861,24.583733,12.384056,24.198074,10.7510931066848,0.893197679699767
13.8670928,14.667564,24.583733,12.430806,24.169426,10.7518880607721,0.733968990348544
13.8998496,14.638010,24.479728,12.449505,24.207623,10.2153837665172,0.684216999359727
13.9508528,14.578904,24.460817,12.430806,24.293566,9.801298132609,0.906772326646767
13.9924448,14.450841,24.602643,12.253156,24.560943,9.57549616860411,1.93638732207265
14.0209568,14.411437,24.527003,12.197056,24.589590,9.33709276777306,2.07292422807915
14.0770912,14.362182,24.583733,12.159656,24.656434,9.27131541888541,2.37274711416774
14.1132368,14.352331,24.564823,12.094206,24.723279,9.18731010206114,2.57059999722529
14.1434048,14.401586,24.574278,12.159656,24.713730,9.18625974310154,2.34610601155345
14.1944528,14.490245,24.555368,12.225106,24.656434,9.35573330500252,1.96525580291567
14.2259696,14.490245,24.536458,12.299906,24.541844,9.42009168538082,1.67839751631261
14.2670608,14.500096,24.441907,12.262506,24.484549,9.46346017411057,1.570563150905
14.3059712,14.460692,24.508093,12.318606,24.513197,9.2886610848913,1.63896037172773
14.3368752,14.529649,24.527003,12.299906,24.455902,9.75565217439924,1.50042981088199
14.3681728,14.598606,24.517548,12.318606,24.446352,9.89336723212728,1.31004801741301
14.4084032,14.638010,24.508093,12.299906,24.369959,10.2562023912078,1.17829080784609
14.4384096,14.608457,24.489183,12.290556,24.494098,9.7842453067985,1.3659890514926
14.4695888,14.638010,24.555368,12.271856,24.494098,10.1037262042508,1.41538288267256
14.5285152,14.480394,24.574278,12.253156,24.503648,9.74723939487961,1.78811414164381
14.589672,14.470543,24.659374,12.103556,24.665984,9.91793502569509,2.36029814470567
14.6222992,14.332629,24.763380,11.982006,24.694631,10.0977615979825,3.00742864837867
14.6745856,14.322778,24.744470,11.982006,24.723279,9.93374172805694,3.03695170521977
14.7145184,14.332629,24.772835,11.991356,24.713730,10.0400643664696,3.01889704382614
14.7470016,14.332629,24.895751,11.888506,24.771025,10.5137049604793,3.40860858610871
14.78572,14.372033,24.744470,11.982006,24.675533,10.210756636399,2.89032216181315
14.8168128,14.470543,24.820110,11.982006,24.637336,10.803802074137,2.7364627488501
14.848368,14.549351,24.725559,12.038106,24.513197,10.9615390433235,2.24302291495057
14.8984944,14.588755,24.640464,12.094206,24.446352,10.867475221747,1.89609442786998
14.9285296,14.578904,24.498638,12.122256,24.293566,10.8183447826936,1.54714690621262
14.9609632,14.588755,24.687739,12.169006,24.484549,10.6638677570309,1.84096738387303
15.005936,14.628159,24.612099,12.234456,24.494098,10.3430467003433,1.56727289772722
