0.0355232,15.974325,23.486945,13.327032,23.119016,-1.30348509262448,5.28621224639578
0.0653248,16.043281,23.515310,13.298984,23.099918,-0.897393026855505,5.22155793006723
0.0991872,16.003877,23.477490,13.317683,23.080820,-1.10737406486679,5.19367002428317
0.1367232,16.033430,23.449125,13.439225,23.071270,-1.43615526182178,4.87156146512155
0.1679232,16.072833,23.411304,13.355080,22.956680,-0.841951812524021,4.77614354515316
0.207968,16.033430,23.430214,13.373779,22.966230,-0.982086624730963,4.84747360087784
0.24904,16.053132,23.392394,13.355080,22.966230,-0.976093580427575,4.80147530868971
0.2778768,16.033430,23.401849,13.392478,23.033074,-1.31389498562198,4.85794083124884
0.3092816,16.062982,23.449125,13.392478,23.033074,-1.10354734474467,4.85868709310315
0.3592048,16.033430,23.468035,13.383129,22.985328,-0.963133816885046,4.8966334058061
0.3953152,16.131938,23.382939,13.448575,22.994877,-1.14906534373581,4.50739073901452
0.4314272,16.013728,23.430214,13.420526,23.061721,-1.45825078678447,4.90900786564579
0.4713808,16.023579,23.382939,13.439225,23.023525,-1.50307014242691,4.75689596274926
0.501528,16.062982,23.364029,13.485973,23.004426,-1.52880357220193,4.55431034087147
0.5330032,16.092535,23.382939,13.411177,22.994877,-1.14592696434692,4.64828732114647
0.5679392,16.092535,23.439670,13.439225,22.975779,-1.01729439695906,4.64074930469938
0.6043504,16.122087,23.382939,13.495322,22.975779,-1.2579742427723,4.41746669620423
0.6343536,16.043281,23.278933,13.439225,22.994877,-1.64960353737935,4.56558787035382
0.6654736,16.072833,23.288388,13.439225,22.975779,-1.48575800981483,4.49998184575885
0.7067168,16.151640,23.241113,13.570117,23.023525,-1.92817604445498,4.11637693356293
0.7368528,16.181192,23.146562,13.579467,23.042623,-2.19071217375478,3.95667621164093
0.7666576,16.181192,23.193838,13.672961,23.004426,-2.22395145722541,3.79688192599457
0.7980544,16.131938,23.061467,13.719708,22.908934,-2.58004189894837,3.53249069189303
0.837864,16.092535,22.853455,13.672961,22.928033,-3.18317600611472,3.4656603974434
0.8703664,16.131938,22.938551,13.747757,22.985328,-3.22760563967872,3.4262509644423
0.8989888,16.092535,23.052012,13.710359,23.033074,-3.05327472752525,3.75695271425359
0.9416048,16.112236,23.033101,13.775805,22.985328,-3.10317023117966,3.52300803819391
0.97044,16.151640,22.919641,13.803853,22.937582,-3.24999767438027,3.20913204231413
1.0004816,16.171341,22.948006,13.785154,22.870738,-2.86496552531893,3.16155962926346
1.0354656,16.191043,22.948006,13.831902,22.889836,-3.00459327427931,3.0634926038194
1.0768848,16.259999,22.853455,13.803853,22.794344,-2.71092698015828,2.762561859984
1.1129488,16.250148,22.948006,13.775805,22.880287,-2.64794030984159,3.04666954322675
1.1454528,16.220595,22.985826,13.878649,22.861189,-2.87189455217772,2.93598418830442
1.19428,16.181192,23.004736,13.813203,22.775246,-2.48195441929385,3.04649807080599
1.2252416,16.191043,23.004736,13.813203,22.813443,-2.56759492266982,3.07406719913727
1.256776,16.181192,23.033101,13.747757,22.794344,-2.26667496205158,3.22204442002583
1.2954752,16.161490,23.061467,13.803853,22.889836,-2.6903899299162,3.30287960245414
1.3267552,16.141789,23.165472,13.831902,22.918484,-2.62517398680596,3.44469594333263
1.356776,16.141789,23.118197,13.757106,22.937582,-2.59130165275908,3.5474017910221
1.3903568,16.141789,23.165472,13.691660,22.956680,-2.32453261270907,3.74495082130217
1.4380192,16.112236,23.146562,13.607515,22.966230,-2.23762449518394,3.94147322973221
1.4890304,15.994027,23.174928,13.607515,22.994877,-2.5699983467878,4.22500385595712
1.5317104,16.033430,23.250568,13.570117,23.090369,-2.42436649613769,4.42205023970838
1.5593984,15.964474,23.364029,13.598166,23.147664,-2.55335364107737,4.69635102841278
1.5905616,15.984176,23.335664,13.523370,23.071270,-2.13140974491984,4.67525178284511
1.62148,15.934922,23.297843,13.542069,23.090369,-2.48271331709754,4.70951690065852
1.6629936,15.846264,23.307299,13.467274,23.109467,-2.53669197138237,5.04381844813636
1.7017712,15.846264,23.354574,13.485973,23.214508,-2.77139643253364,5.18649581039098
1.732728,15.787160,23.382939,13.373779,23.195410,-2.46871218015235,5.51366034943221
1.7829536,15.757607,23.496400,13.457924,23.290902,-2.76718187463542,5.65428607070526
1.8140144,15.708353,23.468035,13.364430,23.271803,-2.64940288684883,5.86369478944188
1.845384,15.659099,23.411304,13.429876,23.367295,-3.41636184634963,5.87836531840859
1.8857552,15.688651,23.430214,13.429876,23.300451,-3.0856638669857,5.76834610269932
1.9153712,15.698502,23.411304,13.429876,23.405492,-3.41955071016242,5.84939428351317
1.94548,15.747756,23.373484,13.457924,23.338648,-3.2739702415874,5.58571816924503
1.9791152,15.728055,23.449125,13.439225,23.453238,-3.40090956046438,5.87588163769363
2.0166128,15.718204,23.354574,13.448575,23.224057,-3.04314834884753,5.50317725902323
2.0467584,15.797010,23.165472,13.542069,23.224057,-3.62423813091074,4.96494486465516
2.0791856,15.767458,23.156017,13.551419,23.147664,-3.53516662721759,4.90198047314565
2.1230736,15.777309,23.184383,13.579467,23.204959,-3.68025557829662,4.93209574400635
2.1579616,15.806861,23.184383,13.729058,23.204959,-4.03722721696203,4.602632388902
2.1880992,15.797010,23.156017,13.710359,23.252705,-4.22834173343787,4.67766368814237
2.2240976,15.797010,23.127652,13.757106,23.185861,-4.24831101466377,4.4805693341892
2.2603568,15.737906,23.070922,13.682311,23.300451,-4.68719722294515,4.79426609086844
2.2903808,15.767458,23.089832,13.710359,23.271803,-4.55043171288461,4.67695376731503
2.3366384,15.708353,23.061467,13.775805,23.357746,-5.23623883871588,4.73253393792367
2.3866288,15.757607,23.042557,13.719708,23.367295,-5.0158774863054,4.73418155730568
2.42428,15.718204,23.052012,13.654262,23.405492,-5.01989637963861,4.98263254146556
2.4604368,15.747756,23.033101,13.747757,23.539180,-5.65147046015976,4.88993707371401
2.505808,15.629547,23.184383,13.616865,23.481885,-5.01176159894297,5.45745481926737
2.5368688,15.560591,23.137107,13.560768,23.500984,-5.22829386173486,5.65613943087825
2.5703456,15.609845,23.203293,13.560768,23.520082,-4.96175238806835,5.66353363606631
2.6079952,15.668950,23.146562,13.579467,23.500984,-4.95396806807791,5.43208283959714
2.6393776,15.649248,23.184383,13.616865,23.510533,-5.04037227626017,5.45422984561843
2.6693728,15.678801,23.033101,13.570117,23.462787,-5.10433744755446,5.2552293236616
2.7105552,15.590143,23.042557,13.532720,23.472336,-5.24453638714799,5.51059840421583
2.756792,15.629547,23.127652,13.588816,23.510533,-5.17176495736902,5.47676019609845
2.7931248,15.718204,23.203293,13.542069,23.558279,-4.71699899336429,5.54201744267866
2.8328768,15.609845,23.260023,13.476623,23.548730,-4.64168977119604,5.91774063151033
2.8640064,15.599994,23.335664,13.420526,23.500984,-4.15491168154017,6.07212243827365
2.895536,15.629547,23.373484,13.355080,23.529631,-3.86003779427334,6.21510457709594
2.9281136,15.629547,23.345119,13.336382,23.529631,-3.88388173319475,6.21727864727534
2.9829888,15.678801,23.326209,13.345731,23.434139,-3.54667513901154,5.97685409990362
3.0166128,15.816712,23.297843,13.457924,23.462787,-3.65671501022417,5.51443881216483
3.053136,15.737906,23.222203,13.495322,23.415041,-4.05433997368445,5.4482068515594
3.08688,15.747756,23.184383,13.467274,23.329098,-3.7974489362954,5.33831283751232
3.117944,15.708353,23.089832,13.514021,23.348197,-4.36367281199657,5.23700246443932
3.1494256,15.797010,23.165472,13.560768,23.395943,-4.18349283417019,5.13053489740494
3.2004352,15.816712,23.250568,13.504671,23.424590,-3.81256927305977,5.32946000293699
3.22908,15.787160,23.203293,13.532720,23.386393,-3.99576528082259,5.23318499961533
3.2603792,15.767458,23.165472,13.514021,23.300451,-3.8484415836667,5.16023840131092
3.30788,15.649248,23.165472,13.495322,23.386393,-4.37478195078413,5.51326898260264
3.341488,15.698502,23.335664,13.485973,23.395943,-3.76552570689639,5.64740586197794
3.371552,15.728055,23.345119,13.457924,23.443689,-3.71524229460825,5.7106185613644
3.4028016,15.737906,23.297843,13.467274,23.434139,-3.81830573254184,5.60957376374666
3.44168,15.747756,23.316754,13.429876,23.415041,-3.57292221889051,5.66027442080878
3.4729504,15.777309,23.260023,13.420526,23.367295,-3.48046486226507,5.50212405330605
3.5040896,15.757607,23.212748,13.429876,23.319549,-3.55324475077501,5.41111726369856
3.5529792,15.777309,23.326209,13.420526,23.310000,-3.1286908611203,5.51241678193837
3.5868816,15.757607,23.392394,13.476623,23.348197,-3.27748312798101,5.56585686541252
3.6355232,15.728055,23.373484,13.439225,23.367295,-3.35768512032121,5.68978962708958
3.6855712,15.787160,23.316754,13.401828,23.338648,-3.15688398972293,5.5509884233452
3.7197312,15.826563,23.354574,13.448575,23.252705,-2.82811009896409,5.33611046015008
3.7490608,15.826563,23.307299,13.420526,23.319549,-3.07291679728903,5.41056489920775
3.788488,15.816712,23.430214,13.392478,23.348197,-2.76270193414655,5.65574468128264
3.8294336,15.737906,23.477490,13.411177,23.300451,-2.76408799734563,5.76631607967957
3.859248,15.668950,23.411304,13.327032,23.357746,-3.05826833823489,6.03989414043083
3.9092576,15.629547,23.524765,13.224188,23.415041,-2.71919438011302,6.50061867624452
3.9405424,15.629547,23.666591,13.196140,23.520082,-2.55521584451328,6.83461467141142
3.971624,15.609845,23.657136,13.140044,23.558279,-2.58274581434153,7.00855384929316
4.0153888,15.540889,23.704412,13.121345,23.548730,-2.55920093797112,7.21505966819388
4.0743888,15.599994,23.638226,13.065248,23.567828,-2.46956380319941,7.15600822440411
4.105544,15.590143,23.562586,13.093296,23.529631,-2.67544501086352,6.99253100144221
4.15564,15.590143,23.581496,13.224188,23.539180,-3.03711303927562,6.78063196131887
4.1865584,15.629547,23.609861,13.168092,23.529631,-2.65693525946672,6.83317189022744
4.2179392,15.609845,23.581496,13.177441,23.520082,-2.78888432788319,6.80928111614026
4.2752416,15.659099,23.562586,13.140044,23.520082,-2.59494783453889,6.76561694130422
4.3093024,15.531038,23.553130,13.102646,23.577377,-3.03341760080018,7.1292022553529
4.3403408,15.531038,23.486945,13.102646,23.596475,-3.27299979682228,7.07561562365756
4.3793296,15.609845,23.619316,13.149393,23.663320,-3.02347877810748,7.0674094942207
4.410472,15.521188,23.572041,13.074597,23.625123,-3.06641202909908,7.27590372368885
4.4405856,15.521188,23.458580,13.102646,23.634672,-3.49148724542123,7.10525649696984
4.4819856,15.550740,23.477490,13.186791,23.644221,-3.63259216175216,6.92505202203546
4.5134496,15.521188,23.477490,13.121345,23.739713,-3.80272334804684,7.21113608878798
4.5445344,15.501486,23.449125,13.186791,23.739713,-4.12800669471906,7.0933982024752
4.5756592,15.550740,23.449125,13.242887,23.739713,-4.15551104027433,6.89679652623866
4.6168368,15.511337,23.486945,13.177441,23.768361,-4.05221434168991,7.16790978094572
4.646912,15.462083,23.420759,13.140044,23.797008,-4.3472766881814,7.28740589026305
4.6780656,15.422679,23.401849,13.140044,23.873402,-4.73315838008485,7.4263733432182
4.7228672,15.363575,23.534220,13.074597,23.949795,-4.56118493493835,7.89565815009011
4.7694288,15.127155,23.723322,13.009151,24.073934,-4.86424240319683,8.81484079635774
4.7991824,15.028647,23.694957,12.906308,24.064385,-4.88973060043178,9.15428978186186
4.843,15.068050,23.638226,12.925007,24.112131,-5.13243005998904,9.03395765408127
4.8856192,14.979393,23.770597,12.887609,24.159877,-5.04053109772243,9.47323352123848
4.9215664,14.999095,23.855693,12.859561,24.217172,-4.83370203154487,9.64627367084246
4.9741296,14.851332,24.044794,12.784765,24.245820,-4.58391706208992,10.3092932350372
5.0041056,14.733123,24.092070,12.719319,24.350861,-4.89701777679613,10.826751825631
5.0354,14.733123,24.110980,12.691271,24.274467,-4.53909740740769,10.8180609703697
5.1008096,14.733123,24.063704,12.738018,24.236270,-4.6958663176089,10.6352423937749
5.1356752,14.733123,24.205530,12.644524,24.236270,-4.0272359953238,10.9690871472544
5.1692464,14.683868,24.214986,12.663222,24.284016,-4.33256944064515,11.0898618983862
5.2166016,14.605062,24.404087,12.653873,24.274467,-3.97093972283197,11.4534904713381
5.2467792,14.585360,24.413542,12.597776,24.236270,-3.72281141128025,11.5685594605277
5.2778656,14.644465,24.404087,12.579078,24.226721,-3.50222274685504,11.4701679329716
5.3314688,14.545957,24.489183,12.513632,24.284016,-3.51542403834639,11.9398469449546
5.3694224,14.516405,24.593188,12.457535,24.207623,-2.91926263862262,12.1352450870458
5.4003936,14.437598,24.678284,12.429487,24.112131,-2.53692212560452,12.3314785101727
5.451728,14.457300,24.782290,12.401438,24.217172,-2.42308748765552,12.5707796432975
5.4806912,14.408046,24.876841,12.438836,24.274467,-2.57758367582798,12.7550491792897
5.521528,14.427747,24.848475,12.429487,24.188525,-2.3204281558547,12.6136266505834
5.5716176,14.260284,24.886296,12.392089,24.341311,-3.0181284868384,13.2140265827214
5.6146112,14.279985,24.952481,12.410788,24.398607,-3.00461906164554,13.2693737999627
5.6469664,14.082969,24.952481,12.373390,24.341311,-3.27050096225978,13.6667515820732
5.69564,14.073118,25.037577,12.317293,24.455902,-3.23439871588558,14.0052386316546
5.725616,14.082969,24.971391,12.364041,24.417705,-3.41543332246399,13.7851157042561
5.7569152,14.023864,25.028122,12.345342,24.427254,-3.39510208443005,14.0069822966545
5.8067568,13.984461,25.217223,12.335992,24.627787,-3.54215154979154,14.5077909830727
5.8381552,13.807146,25.169948,12.420137,24.627787,-4.4095989044782,14.6416555553258
5.8676944,13.649533,25.122672,12.373390,24.665984,-4.95482662722261,15.0348129848536
5.9190944,13.560876,24.961936,12.420137,24.751926,-6.04001933984527,15.0403873647283
5.9489232,13.265351,24.990301,12.541680,25.047951,-8.00222897984894,15.718588526789
5.9829808,13.068335,24.980846,12.635174,25.277131,-9.5132713941636,16.1479895699333
6.030264,12.713706,24.810655,12.709970,25.573156,-12.0703555153966,16.8328958950841
6.0617696,12.112806,24.385177,12.962404,26.270246,-17.7212983183742,17.8044110483391
6.091624,11.699072,23.893513,13.233538,26.900492,-22.8872326421277,18.2297512093146
6.1254928,11.334592,23.118197,13.588816,27.645328,-29.3012308186011,18.2181133705689
6.1643392,10.930709,22.323971,14.000191,28.466557,-36.2422045639121,18.2297582721942
6.2160448,10.507124,20.905710,14.701399,29.669754,-46.9227645635329,17.45648399335
6.265168,10.004732,20.527507,14.860339,30.023074,-51.1021156274365,18.1244084974096
6.2967152,9.738760,20.726064,14.776194,30.137664,-51.4033939959384,19.1465473076346
6.3264112,9.640252,21.179907,14.551808,29.994426,-49.3333634657998,20.1112840242798
6.360464,9.512192,21.709391,14.318072,29.774795,-46.9033649320226,21.1560772190109
6.3980784,9.669805,23.099287,13.729058,28.533402,-37.2960513732945,22.1949830364869
6.429432,10.408616,25.245588,12.878259,26.585369,-20.8826748011758,22.6165600458093
6.4731584,11.580862,28.034835,11.859171,24.217172,0.220136501626611,22.6914091820965
6.5207008,13.334307,33.868614,9.456367,19.566721,41.73166480992,25.1283137905157
6.5504784,14.368642,38.274678,6.791779,16.654221,73.1729233266346,29.8908700396285
6.591552,14.861183,43.058945,4.295480,16.727866,91.2848795187576,37.9704408517748
6.6504848,16.151640,45.772551,3.145500,14.940340,108.71927860621,38.3076599427018
6.686536,16.485931,43.919357,3.753213,14.177018,107.487166932097,34.390429486097
6.7330368,16.934919,43.890991,3.856057,14.119044,107.826072588963,33.1417540929874
6.7642784,18.701592,43.957177,4.332878,14.090057,108.212756916635,28.5251815655294
6.8068032,19.170102,43.626249,4.463770,13.925798,108.517009951868,26.9249857305409
6.8517264,19.423878,41.962157,4.734903,13.587617,107.063366270507,24.1933350203077
6.896952,19.980233,41.886516,4.819048,13.259099,108.681199982818,22.5709439932427
6.9291936,20.731801,39.239096,4.071094,11.046431,119.420882662452,17.9856015222025
6.9793872,20.565871,36.695681,3.351187,9.481137,127.325830167433,15.5006710911064
7.0106112,20.526828,33.112209,2.939812,7.877194,133.930597411793,10.289197872818
7.0404848,20.360898,32.195067,2.846318,7.654961,134.486675042072,9.38583950336286
7.0854624,19.531245,32.185612,2.780872,7.973818,132.054188530417,11.8659382860963
7.1131152,19.062735,33.036568,2.612582,7.993142,133.360402743156,14.4845977098083
7.1429696,21.180790,32.554359,2.865017,7.268469,137.896234739744,7.45823505164452
7.178136,23.816158,30.795716,3.388585,6.650082,139.362176810985,-2.64406578397876
7.2154256,26.168468,30.871357,4.043045,6.795016,137.459506654825,-8.18205034494549
7.247616,30.853567,32.043786,5.370665,7.200833,134.468065550012,-16.1399200577301
7.2753552,34.904225,33.660603,6.735682,8.138077,129.410053096223,-20.4854599581759
7.3265936,36.602573,34.199542,7.623878,8.679166,125.554134899649,-22.4662636704732
7.3577472,37.627439,31.277925,8.353134,8.138077,122.978573048461,-29.4657491725055
7.3967312,38.330203,31.807409,8.642966,8.427946,121.837640573482,-29.5101374801796
7.4406816,39.589324,30.587704,8.512074,7.577663,125.837167156267,-33.8326751124827
7.494344,40.321370,26.238371,8.399881,6.176629,128.806123837798,-43.6133874667043
7.5329504,39.950467,24.186620,9.241330,6.321563,122.045365796356,-47.4267586319935
7.5816272,40.223764,22.295606,9.970586,6.108993,118.014545263348,-52.3062662406684
7.6212304,39.862621,22.645443,9.989285,6.321563,116.991252246017,-50.9093310167283
7.6544432,38.300922,24.848475,8.988895,6.514809,121.24582650576,-43.7863419395609
7.6916576,37.949539,25.642701,7.829566,5.925409,129.59443696761,-41.64759330196
7.721624,39.276984,25.359049,7.670625,5.558241,133.032026734583,-44.1719648166261
7.7529344,39.628366,25.283409,7.549083,5.461618,134.298687017198,-44.742897667345
7.7930208,39.520999,24.470272,7.567782,5.326346,133.980002406823,-46.3419303805235
7.8256944,39.462436,24.271716,7.670625,5.442294,132.710988550322,-46.5429538727001
7.8581984,39.208659,23.959699,7.960458,5.490605,130.580505683876,-47.0657387551963
7.9107328,39.433154,24.593188,8.044603,5.693513,130.101459204432,-45.9038768891677
7.9443424,40.955811,25.273954,8.128748,5.596890,132.265161079443,-46.6714067983977
7.9754864,41.804985,26.124910,8.100699,5.625877,133.808658210294,-46.0483048408725
8.0080064,42.156367,26.852951,7.988506,5.683851,134.995129807827,-44.9800778192158
8.0568496,41.951394,27.666087,7.567782,5.732163,137.143470417462,-42.8664324118524
8.1080928,39.647887,28.734510,6.389753,5.587228,142.061112194812,-37.3228844153378
8.150584,36.856349,30.776806,5.295869,5.809461,145.52599438011,-28.7609431713171
8.1794544,35.294650,31.835774,4.716205,5.751487,148.18655425535,-24.2629066913391
8.211704,34.006248,33.131119,4.220685,5.886760,149.938784310672,-19.5350870832271
8.2402832,33.098510,34.814122,3.874756,6.186291,150.726052376775,-14.8145692690178
8.281816,31.995560,36.109467,3.612971,6.505147,150.588314094706,-10.4919377873221
8.312968,31.175667,36.922603,3.566224,7.046236,148.215814169737,-7.33861788092777
8.3416048,31.165907,36.667316,3.790611,7.220158,146.12703772621,-7.78917675238142
8.3827008,29.731095,36.790232,3.846707,7.819221,141.990856887402,-4.61782024296758
8.415536,28.823357,36.204017,4.136540,8.109090,137.978114636281,-3.9531226097735
8.444232,27.788731,35.343606,4.136540,8.147739,136.067160484896,-3.21907231122124
8.475616,26.246553,35.759629,3.902804,8.514907,134.350074821154,0.934084007952933
8.5194336,25.114321,36.033826,3.921503,8.911061,131.489195829759,3.81256098763404
8.558032,23.474536,35.428701,3.968250,9.355527,126.72074596963,6.66859692241112
8.5869168,22.713208,36.317478,4.005648,9.799993,124.524346244011,9.6594167279164
8.638048,22.664405,36.742957,4.108491,9.954590,123.715470225638,10.2135856162239
8.66928,21.961640,37.546638,3.856057,10.215472,123.788947077181,13.2969299492819
8.7022736,21.912837,37.839745,3.725165,10.099525,125.238737658897,13.8510093501506
8.7505312,21.698103,38.397594,3.584923,10.205810,125.778154188648,15.2788224134034
8.790592,21.864034,39.229641,3.556875,10.350745,126.304675365889,16.0193845932687
8.8269488,21.756667,40.014412,3.762562,10.698588,124.457102692917,16.9731457435118
8.8703712,21.014859,39.872586,3.930852,10.746899,122.490879269302,18.0298640319517
8.9006032,21.346721,39.125635,4.501168,10.717912,119.534430934811,15.4378331555977
8.9317904,21.092944,39.513293,4.688156,10.969132,117.699518586627,16.2215680660074
8.9817168,18.965129,40.666812,5.473509,12.080297,108.122499914061,21.107998211288
9.0129104,19.013932,39.825310,7.137708,12.544088,98.0624200636576,17.3616095831258
9.0430064,18.506379,38.766342,8.381182,12.969229,89.0138125258066,15.326107690413
9.0847136,17.100850,36.799687,9.213282,13.317072,78.9565558684461,14.8002684712706
9.11444,16.181192,34.558835,10.194972,14.640808,64.303817924408,13.7249870797035
9.1570112,15.235514,32.942017,11.653484,16.873852,45.5594209573789,13.3718968821987
9.1882784,13.826848,30.001490,13.298984,21.829877,13.9505085301658,14.9679646267448
9.2266736,12.959976,26.701670,13.476623,22.947131,-0.690008722919904,14.0768344518666
9.259224,12.703855,24.025884,13.990842,23.854303,-13.1415463374743,11.6831264400298
9.28924,12.615198,22.598168,14.458314,24.742377,-21.504095150532,10.3460732988668
9.328144,12.575794,21.907948,15.122123,25.716393,-28.1690181876853,9.45619193722766
9.36924,13.196396,20.707154,16.029018,25.936025,-32.9078113381364,5.46951206788469
9.3990368,13.551025,20.187125,16.244055,25.487213,-32.8333391457404,3.28395638283383
9.4327648,13.708638,20.026388,16.187959,25.191189,-31.9358744039004,2.55010565751475
9.4717904,14.427747,19.998023,16.459092,24.627787,-29.001245973178,0.039073702908393
9.5009072,14.585360,19.950748,16.674129,24.503648,-28.894899149553,-0.83523470370114
9.5341232,14.939990,19.761646,16.842419,23.987992,-27.4704955251907,-2.64032927436141
9.5731488,15.560591,19.733281,17.113552,23.472336,-25.0025584053436,-4.88014369316153
9.6029568,15.865966,19.733281,17.141601,23.224057,-23.4876584886387,-5.77083436461247
9.6342288,15.875817,19.742736,17.076155,22.966230,-22.5619583651094,-6.00130903698458
9.6644336,15.816712,20.092574,16.823720,23.090369,-21.3383802840104,-4.85178376346494
9.704336,16.043281,20.234400,16.711527,22.937582,-19.5167807274301,-5.06155853294012
9.7353904,15.885668,20.584238,16.533888,22.842090,-18.1986904192592,-4.15867989884216
9.766664,15.747756,20.943530,16.234706,22.937582,-16.9836841797127,-2.82231539134962
9.8080496,15.728055,21.312278,15.982271,22.956680,-15.3134252638073,-1.85930152829046
9.8394256,15.757607,21.529745,15.823331,22.784795,-13.6710351388537,-1.57567886379933
9.8694528,15.668950,21.832307,15.655041,22.679754,-12.2830060055259,-0.877514590236892
9.9044416,15.609845,22.210510,15.496101,22.488770,-10.3732444651607,-0.259994147559656
9.940616,15.481784,22.938551,15.112774,22.479221,-7.54409005527314,1.52882709287568
9.9716864,15.560591,23.449125,14.701399,22.546066,-4.90021963371431,2.81782284263348
10.0378816,15.265066,23.836783,14.299373,22.546066,-3.47112442499408,4.54273546556519
10.0753728,15.255216,24.196075,14.131083,21.820328,0.145643165166762,4.44037087706802
10.1030272,15.274917,24.574278,13.934745,21.791680,1.90703195110681,5.176563432384
10.1329568,15.235514,25.198313,13.672961,22.059057,3.46141709852989,6.76102584870594
10.1768704,15.137006,25.519786,13.420526,22.154549,4.52878631567157,7.88559798378765
10.2057104,15.018796,25.510330,13.401828,21.896721,5.03073978026049,7.84197737006969
10.2352272,14.930139,25.784528,13.289634,21.753484,6.30471995253197,8.36761744145968
10.2766672,14.871034,25.916899,13.130694,21.820328,6.78143792763983,9.00289272409091
10.3164928,14.644465,26.106000,13.055899,21.992213,6.38398468454601,9.97569323575644
10.3481072,14.526255,26.181641,13.046549,22.097254,5.97794669097367,10.4174731035773
10.399256,14.555808,25.897988,13.018501,22.230943,4.98028837800903,10.2504090644764
10.4504016,14.378493,25.879078,13.037200,22.632008,3.18001765472716,10.9712185073066
10.48048,14.260284,26.001994,13.037200,22.670205,3.07718692938602,11.3724820839602
10.5317776,14.220880,25.945264,13.055899,22.584262,3.0226540369307,11.2581892385927
10.5632192,14.240582,25.916899,12.981103,22.603361,3.16807787268013,11.3543219765825
10.5931888,14.181477,26.077635,12.999802,22.698852,3.09513994816475,11.708436364067
10.6504416,14.082969,25.916899,12.962404,22.803893,2.19393771912605,11.9110856588696
10.6841376,13.954908,25.907443,12.981103,22.851639,1.62193682304613,12.1640777101038
10.7255824,13.915505,25.869623,12.887609,22.985328,1.29157990270194,12.5248631301288
10.7656064,14.004162,25.756162,12.971754,23.004426,0.913951391888435,12.0883085999153
10.7968192,14.122372,25.737252,13.130694,22.975779,0.792928887359437,11.501926164184
10.825456,14.211029,25.652157,13.111995,22.908934,1.05870371369637,11.2033622666397
10.8680544,14.398195,25.557606,13.252237,22.756148,1.34685843679949,10.3072090163188
10.898264,14.398195,25.415780,13.252237,22.708402,1.10620225706927,10.0995846507493
10.9278928,14.378493,25.472510,13.261586,22.698852,1.20716999126385,10.171135926621
10.9592944,14.408046,25.491420,13.298984,22.727500,1.14027721132043,10.0954568702554
11.009192,14.329239,25.519786,13.233538,22.670205,1.37215626282135,10.3394140171425
11.0395264,14.211029,25.576516,13.149393,22.756148,1.20005944395086,10.8835295456336
11.074808,14.161775,25.633246,13.074597,22.746598,1.47424337389163,11.1737882346701
11.1105568,14.211029,25.699432,13.111995,22.813443,1.47325202994943,11.1511667676345
11.1418192,14.211029,25.699432,13.168092,22.889836,1.07583166680803,11.1260716168371
11.1722448,14.270134,25.623791,13.121345,22.880287,1.19978909878084,11.0100927532116
11.211592,14.201179,25.680522,13.168092,22.842090,1.14105900851185,11.0728287526187
11.2439792,14.211029,25.756162,13.121345,22.928033,1.25479700980596,11.3183636104119
11.2843536,14.240582,25.689977,13.102646,22.842090,1.46962570501058,11.133109674473
11.3193136,14.211029,25.604881,13.093296,22.765697,1.41704644410238,11.0327408994101
11.3553904,14.082969,25.737252,13.009151,22.870738,1.36584254059314,11.6992717471498
11.3867504,14.112521,25.775072,12.999802,22.908934,1.46157847642674,11.7420852751866
11.4179424,14.112521,25.869623,12.971754,23.023525,1.45731151318498,12.020643207879
11.4680576,14.014013,25.841258,12.962404,23.023525,1.14222759887331,12.1989071312532
11.499392,14.023864,25.822348,12.953055,23.004426,1.20306752662186,12.1572720350013
11.5280912,13.974610,25.879078,12.915657,23.061721,1.16359600531126,12.4470968222668
11.5681392,13.905654,25.822348,12.934356,23.119016,0.594672650378088,12.5452860966171
11.6005104,13.984461,25.737252,12.971754,23.157213,0.351360785522154,12.2697710795094
11.630656,14.023864,25.718342,12.962404,23.052172,0.749545280901309,12.0788895927609
11.66072,14.004162,25.756162,12.990453,23.185861,0.314849715622048,12.2461947587153
11.7102688,13.954908,25.642701,13.027850,23.176311,-0.211244827270546,12.1376502319156
11.7629888,13.915505,25.557606,13.018501,23.157213,-0.466538742112267,12.1204981343758
11.7980464,14.053416,25.585971,13.074597,23.176311,-0.236727465612603,11.7959262652131
11.832864,13.994312,25.444145,13.158742,23.109467,-0.837362150912957,11.5228287079616
11.864264,14.033715,25.481965,13.168092,23.214508,-0.966268957418892,11.5828245055604
11.8928064,13.984461,25.472510,13.224188,23.166762,-1.15175056933403,11.5080020654589
11.950312,14.033715,25.377959,13.214839,23.147664,-1.19137349629272,11.3083326395226
11.9853856,14.004162,25.273954,13.196140,23.080820,-1.3036949665717,11.2161791269841
12.024016,14.092820,25.311774,13.336382,23.128566,-1.51486232356419,10.8685140378122
12.0665072,14.151925,25.273954,13.373779,23.071270,-1.39750178236279,10.5800208432067
12.0967424,14.151925,25.169948,13.364430,23.061721,-1.62695060212271,10.4739496108606
12.1265696,14.181477,25.122672,13.439225,23.033074,-1.81253986788908,10.1910509057911
12.177664,14.201179,25.094307,13.476623,23.052172,-2.00369336846286,10.0717822662069
12.228888,14.250433,25.065942,13.532720,22.966230,-1.8578803749537,9.74512772676519
12.2642464,14.220880,25.113217,13.570117,22.937582,-1.83507491657171,9.75070734002504
12.3002016,14.250433,25.113217,13.570117,22.842090,-1.47078873405438,9.5890861267912
12.3381104,14.270134,25.132128,13.560768,22.794344,-1.19521882268507,9.53750656723522
12.3728896,14.270134,25.141583,13.532720,22.851639,-1.2561972785203,9.66464617850201
12.4128464,14.319388,25.188858,13.542069,22.880287,-1.10462464679046,9.63684769468457
12.4440608,14.240582,25.207768,13.467274,22.775246,-0.733689811127997,9.83456003134119
12.4741632,14.358792,25.330684,13.467274,22.794344,-0.132214027796413,9.76566398110343
12.515632,14.329239,25.340139,13.476623,22.861189,-0.413702422476065,9.88791716772318
12.5503056,14.299687,25.321229,13.411177,22.737049,0.0193509670507819,9.91172822258544
12.5864752,14.220880,25.292864,13.336382,22.765697,-0.135250307582995,10.2058009956849
12.6353568,14.220880,25.368504,13.298984,22.746598,0.240509538056116,10.3395676031616
12.669056,14.289836,25.444145,13.345731,22.870738,0.123432409797985,10.3368234920753
12.700248,14.230731,25.444145,13.317683,22.851639,0.103343993944211,10.4825988224261
12.730264,14.309538,25.444145,13.336382,22.851639,0.261854978375156,10.2961885190217
12.7715168,14.270134,25.472510,13.345731,22.784795,0.403598744888438,10.3115291928256
12.8028576,14.211029,25.434690,13.308333,22.861189,0.0233349329132402,10.5383339373268
12.8340784,14.260284,25.434690,13.289634,22.813443,0.35605384334764,10.4276546295073
12.874176,14.289836,25.377959,13.308333,22.756148,0.397606159401869,10.2104156316023
12.9055744,14.260284,25.434690,13.355080,22.851639,0.0464168480738731,10.344220070269
12.9354464,14.270134,25.491420,13.270936,22.794344,0.650179688274221,10.4857170116217
12.9665424,14.250433,25.415780,13.336382,22.803893,0.166536157121133,10.3259061868291
13.0228048,14.240582,25.321229,13.355080,22.756148,-0.0312943133826966,10.152927645105
13.0580976,14.279985,25.311774,13.467274,22.889836,-0.682688203704299,9.99979567765065
13.0927744,14.250433,25.311774,13.429876,22.822992,-0.453130076493675,10.0541365162239
13.1279408,14.230731,25.406325,13.411177,22.975779,-0.647801937106607,10.3980800122194
13.1592448,14.142074,25.387414,13.429876,23.061721,-1.25179432101427,10.6047064409014
13.2033072,14.082969,25.387414,13.336382,23.013975,-0.994402907944249,10.8450826208928
13.248936,13.994312,25.311774,13.261586,23.013975,-1.22259585374308,11.0773265883935
13.2801648,13.974610,25.444145,13.233538,23.138115,-1.19914954174504,11.4474436852826
13.310296,14.014013,25.529241,13.289634,23.214508,-1.25131402592306,11.4377211023322
13.370624,13.954908,25.425235,13.233538,23.185861,-1.44685475808895,11.5165681263527
13.4015104,13.925356,25.444145,13.205490,23.195410,-1.4211529334929,11.6584408508731
13.4340464,13.935207,25.434690,13.168092,23.204959,-1.33734644678518,11.7117721874776
13.4717136,13.954908,25.387414,13.214839,23.271803,-1.75010545743872,11.6045242692502
13.5028832,13.905654,25.510330,13.186791,23.415041,-1.88863177145778,12.0393273894777
13.5378992,13.836699,25.481965,13.121345,23.329098,-1.70783232765431,12.17703364545
13.594392,13.728340,25.576516,13.065248,23.376844,-1.72103351586363,12.6483175796708
13.625328,13.688936,25.642701,13.037200,23.386393,-1.59251906918083,12.8601443092194
13.66548,13.688936,25.699432,12.953055,23.443689,-1.35702703772702,13.1450097300754
13.7166608,13.600279,25.879078,12.859561,23.395943,-0.687492492632829,13.6401953437944
13.7493008,13.669235,25.964174,12.953055,23.367295,-0.459782302755739,13.3821206257869
13.7767056,13.708638,26.020904,12.840862,23.376844,0.107675429986482,13.593791634596
13.8202176,13.610130,26.049270,12.840862,23.386393,-0.11168766015453,13.826115777651
13.8679168,13.541174,26.011449,12.700620,23.300451,0.273629112253909,14.1071890043732
13.8992128,13.610130,26.077635,12.644524,23.348197,0.667068008164712,14.2011196923313
13.9490416,13.629831,26.285646,12.738018,23.348197,1.00473260057547,14.1958265614352
13.9804432,13.570727,26.257281,12.672572,23.329098,1.02112379553227,14.3908815115382
14.0104752,13.590428,26.304557,12.681921,23.319549,1.20313828789396,14.3730352542561
14.0514304,13.600279,26.304557,12.644524,23.214508,1.65775174475907,14.3178143818832
14.092696,13.541174,26.304557,12.541680,23.329098,1.46239428644225,14.7560797960122
14.1228768,13.541174,26.323467,12.579078,23.300451,1.4872839761423,14.6721895419126
14.165432,13.531323,26.389652,12.588427,23.357746,1.43939906304407,14.8011466376475
14.203024,13.491920,26.503113,12.551029,23.424590,1.55107738141807,15.138583969252
14.2339248,13.452517,26.446383,12.448185,23.520082,1.31334777192672,15.4594603460392
14.2780688,13.354009,26.493658,12.476234,23.462787,1.26245165149594,15.5887767562568
14.3254208,13.363860,26.512568,12.448185,23.529631,1.22386569783764,15.7126827621157
14.3567328,13.354009,26.455838,12.429487,23.434139,1.38665635489344,15.6133632837541
14.3914448,13.344158,26.522023,12.466884,23.567828,1.02551033712994,15.7633790223752
14.4280304,13.304755,26.522023,12.532330,23.539180,0.808519806428945,15.6824850834595
14.45932,13.294904,26.436928,12.504282,23.548730,0.606162294612574,15.6803197953567
14.5117344,13.354009,26.266736,12.513632,23.491434,0.44750452260265,15.310720818238
14.5494128,13.275202,26.455838,12.504282,23.539180,0.632618654085421,15.7290084246557
14.5803888,13.413114,26.522023,12.551029,23.606025,0.846139484946898,15.499556367617
14.6104032,13.363860,26.361287,12.588427,23.481885,0.536178790086856,15.2306494692861
14.6631856,13.403263,26.257281,12.616475,23.529631,0.133671476861904,15.0393040521422
14.6916176,13.403263,26.219461,12.644524,23.491434,0.0609472113264573,14.9053397040153
14.7227456,13.432815,26.162730,12.663222,23.520082,-0.154620822988635,14.7810273135752
14.7729232,13.413114,26.143820,12.700620,23.548730,-0.457045525258797,14.7562176673357
14.805544,13.472218,26.153275,12.747367,23.520082,-0.323883667413648,14.5278973350978
14.834096,13.413114,26.143820,12.709970,23.529631,-0.427984373874208,14.7179921060213
14.8692336,13.462368,26.115455,12.728668,23.443689,-0.170296000312677,14.4653746246925
14.9043632,13.570727,26.049270,12.784765,23.481885,-0.336493847165681,14.1130348513616
14.9341648,13.521473,26.068180,12.775416,23.424590,-0.220555120810946,14.1880003482566
14.9792336,13.531323,26.049270,12.766066,23.395943,-0.131825164013819,14.1373429803679
15.0252656,13.590428,26.077635,12.812813,23.453238,-0.20371966011343,14.0191602998994
