0.0322768,16.817792,21.000261,15.069646,22.536516,-1.90693432534391,-4.2835777755257
0.0611056,16.837313,20.962441,15.060296,22.574713,-2.04233158669404,-4.30084354283033
0.1009696,16.847074,20.896255,14.994852,22.517418,-1.85042915882454,-4.36166779003935
0.1320096,16.827552,20.915165,15.032249,22.555615,-2.07010211060853,-4.31974576799531
0.1633632,16.768989,20.981351,14.957456,22.679754,-2.19026381828328,-3.8435568361594
0.207,16.700664,20.990806,14.948107,22.746598,-2.524442431393,-3.61038805069289
0.2432688,16.729946,20.924620,14.863965,22.727500,-2.33359309678944,-3.62243327329243
0.2747504,16.554255,20.915165,14.826568,22.813443,-3.00687193129312,-3.14969538398864
0.3070512,16.554255,21.094812,14.695680,22.975779,-2.57951529587936,-2.48651567470903
0.3560384,16.476170,21.265003,14.658283,23.052172,-2.42701185540543,-1.97318588152011
0.3872816,16.495691,21.217728,14.620887,23.071270,-2.45410729112923,-1.97659585921759
0.4172528,16.359042,21.255548,14.564792,23.071270,-2.57692832746316,-1.58630714769943
0.4575056,16.398085,21.331188,14.592839,23.128566,-2.49257402308561,-1.54064869658145
0.4908912,16.339521,21.331188,14.518046,23.128566,-2.44588259226735,-1.30276798019155
0.5285232,16.388324,21.246093,14.480650,23.090369,-2.3326412967278,-1.47632123156713
0.563648,16.417606,21.246093,14.546094,23.119016,-2.51920746821693,-1.6097569437334
0.6113648,16.446888,21.274458,14.592839,23.061721,-2.32332623438888,-1.78116909884377
0.6523584,16.378564,21.293368,14.611538,23.042623,-2.46407432751159,-1.69304993582726
0.6911968,16.466409,21.227183,14.639585,23.023525,-2.42757624152636,-2.00559555751553
0.7225216,16.456649,21.208272,14.648934,22.994877,-2.45446444423845,-2.06429767054211
0.7536864,16.495691,21.217728,14.686331,23.004426,-2.45008568288244,-2.17622637074621
0.7873648,16.437127,21.227183,14.705029,23.090369,-2.89125349338023,-1.98638738660426
0.8486304,16.437127,21.104267,14.658283,22.928033,-2.64460633545158,-2.26034007919767
0.8847632,16.524973,21.246093,14.770473,23.042623,-2.63554129908184,-2.29385248800507
0.9159392,16.485931,21.160997,14.723727,22.994877,-2.72105514215956,-2.30817690836059
0.955904,16.339521,21.056991,14.611538,22.975779,-3.06605764323508,-2.00249454826519
0.9875424,16.388324,21.094812,14.583490,22.985328,-2.76231650253411,-1.98012252143311
1.01728,16.407846,21.208272,14.611538,23.013975,-2.54218504468542,-1.88707699752995
1.068656,16.388324,21.265003,14.639585,23.138115,-2.87212255156926,-1.67683842168482
1.0986704,16.476170,21.302823,14.630236,23.061721,-2.26547607566623,-1.86436688709688
1.1300416,16.398085,21.227183,14.592839,23.071270,-2.62684566089765,-1.74128487943312
1.1685248,16.388324,21.236638,14.508697,23.004426,-2.19290417035959,-1.64531422754416
1.1995392,16.476170,21.255548,14.508697,23.138115,-2.27128761818894,-1.61196395422824
1.2334176,16.398085,21.283913,14.574141,23.109467,-2.51977770998052,-1.58979255457145
1.2633728,16.407846,21.255548,14.499348,23.147664,-2.46805881759814,-1.46158792706635
1.3008048,16.388324,21.246093,14.536745,23.090369,-2.49414174883848,-1.57650480748972
1.3307408,16.359042,21.236638,14.527395,23.090369,-2.57872035437653,-1.51929561741682
1.3619744,16.368803,21.321733,14.508697,23.195410,-2.55412037274467,-1.26724667021101
1.4022128,16.911123,21.217728,14.555443,23.147664,-1.29965560540456,-2.4998691606781
1.4333328,16.368803,21.274458,14.527395,23.195410,-2.74365404502196,-1.3592194827342
1.48352,16.349282,21.246093,14.508697,23.214508,-2.88259568616327,-1.30245283324921
1.5311648,16.940679,21.274458,14.555443,23.147664,-1.05496877717237,-2.48110348624648
1.5649728,16.339521,21.265003,14.527395,23.204959,-2.88250522426538,-1.30681304635012
1.5974816,16.940679,21.293368,14.564792,23.147664,-1.02825663530039,-2.47397418914832
1.6373664,16.368803,21.255548,14.555443,23.204959,-2.90588102352947,-1.42087945647884
1.6775712,16.861862,21.236638,14.424555,23.033074,-0.678786898672207,-2.30163214014383
1.7075136,16.871714,21.265003,14.489999,23.147664,-1.08927041088486,-2.25626382446598
1.7672768,16.901271,21.265003,14.461951,23.157213,-0.952198722235089,-2.24703416097521
1.7986528,16.368803,21.302823,14.555443,23.157213,-2.63298700419865,-1.42146325846426
1.8286528,16.388324,21.293368,14.574141,22.994877,-2.19098231131447,-1.70328210927907
1.8636064,16.388324,21.189362,14.574141,22.956680,-2.38006298344051,-1.88089640946258
1.9100288,16.417606,21.265003,14.620887,22.975779,-2.26798164848186,-1.89795231745213
1.9413088,16.456649,21.217728,14.648934,22.956680,-2.31739804075414,-2.1002527270552
1.9736336,16.456649,21.198817,14.695680,22.918484,-2.39635221807815,-2.2548188885085
2.0136704,16.388324,21.132632,14.658283,22.947131,-2.75854465777346,-2.11391082345463
2.0433952,16.446888,21.132632,14.714378,22.832541,-2.42120267071091,-2.46180045679633
2.0747584,16.466409,21.123177,14.751775,22.880287,-2.63740322158178,-2.5146217057013
2.1311872,16.476170,21.293368,14.742426,22.918484,-2.20336606470796,-2.25393716981595
2.17612,16.476170,21.104267,14.835917,22.803893,-2.68604255293361,-2.8010126475105
2.2086432,16.524973,21.170452,14.807870,22.803893,-2.27463215722732,-2.75428013488104
2.2470848,16.622579,21.217728,14.892012,22.928033,-2.45717224560145,-2.85917563284438
2.2783104,16.583537,21.113722,14.863965,22.803893,-2.43069317555028,-3.0282384580234
2.308272,16.485931,21.056991,14.817219,22.822992,-2.79530776690188,-2.8207613240019
2.3547088,16.437127,21.075901,14.770473,22.737049,-2.49926026453844,-2.73610020753665
2.3821856,16.388324,21.142087,14.789171,22.908934,-2.99775938719413,-2.38266437418754
2.4120416,16.456649,21.227183,14.826568,22.994877,-2.9097381926377,-2.35555273202641
2.4420192,16.446888,21.283913,14.798521,22.966230,-2.61250761541353,-2.25353941185444
2.494608,16.368803,21.265003,14.723727,22.947131,-2.62167732768894,-2.02986589626291
2.5246752,16.359042,21.283913,14.667633,23.004426,-2.59881173788542,-1.81756611627993
2.557144,16.349282,21.236638,14.658283,22.947131,-2.57128414610195,-1.91411757876065
2.5970608,16.349282,21.208272,14.658283,23.023525,-2.87268959717747,-1.8540989380106
2.6272592,16.339521,21.321733,14.583490,22.985328,-2.24913465867621,-1.60944445656572
2.659896,16.930827,21.274458,14.574141,23.071270,-0.917110384145212,-2.59192953975715
2.6924224,16.920975,21.321733,14.574141,23.109467,-0.920907445165541,-2.46802569876613
2.7326096,16.881566,21.302823,14.602189,23.061721,-1.02950397679353,-2.5311559009068
2.78244,16.871714,21.302823,14.620887,23.090369,-1.19342203192284,-2.51097448780975
2.822176,16.891418,21.350099,14.639585,23.099918,-1.08471549210524,-2.50762344608182
2.852552,16.871714,21.359554,14.648934,23.147664,-1.27736881503084,-2.41826995136246
2.883448,16.871714,21.340643,14.602189,23.099918,-1.05996950078034,-2.41908059452586
2.9150576,16.871714,21.397374,14.639585,23.233607,-1.38947493586255,-2.24823528136114
2.9535712,16.891418,21.369009,14.536745,23.252705,-1.17436496456027,-2.11363709565423
2.9845952,16.714081,21.312278,14.461951,23.290902,-1.73374967490879,-1.69158071012565
3.0161648,16.654968,21.369009,14.377809,23.262254,-1.41664719629578,-1.40268646162442
3.062544,16.654968,21.491925,14.396508,23.386393,-1.47729500807549,-1.13154308580965
3.1074128,16.654968,21.558110,14.303016,23.481885,-1.29537821713151,-0.767405351545253
3.1375168,16.526891,21.671571,14.228223,23.491434,-1.14971761105779,-0.255837047116344
3.1800944,16.546595,21.633751,14.200176,23.558279,-1.31234711675892,-0.205633066154242
3.2299024,16.477630,21.671571,14.106684,23.548730,-1.10488051304069,0.119581263013821
3.2613104,16.339701,21.747212,14.069288,23.634672,-1.42122940720971,0.630330402302278
3.3111344,16.408666,21.832307,14.041240,23.720615,-1.15034624965211,0.762697580468846
3.3407872,16.359405,21.822852,13.966447,23.711066,-1.07463500351335,0.963283647195912
3.374512,16.379110,21.860672,13.975796,23.682418,-0.856222271199035,0.921912125775414
3.4220464,16.319997,21.879583,14.013193,23.691967,-1.10493883547951,0.995242912345674
3.452384,16.339701,21.907948,13.901003,23.758811,-0.838555681085298,1.27630730370665
3.48336,16.251032,21.945768,13.854257,23.787459,-0.930525683418612,1.60083767769665
3.5186672,16.270736,21.983588,13.882305,23.797008,-0.875692873182895,1.57083606288427
3.5547808,16.231328,22.087594,13.779464,24.093033,-1.24662215063139,2.30283213700112
3.5847344,16.172215,22.106504,13.760766,24.064385,-1.22484137047227,2.43263500539165
3.6184048,16.113103,22.030864,13.779464,23.997541,-1.46870622124739,2.33796717716854
3.6575072,16.053990,22.030864,13.667275,23.930697,-1.12236365262136,2.57155058248541
3.6874288,15.985026,22.097049,13.676624,24.073934,-1.5686806280534,2.92767353580406
3.7211584,15.945617,22.229420,13.601831,24.178975,-1.39145749548205,3.4151412390046
3.7523744,15.945617,22.276696,13.648576,24.159877,-1.33667340495643,3.36236214323288
3.7926064,15.896357,22.257786,13.536387,24.188525,-1.29045875380634,3.67004437885722
3.8213232,15.856948,22.323971,13.555085,24.112131,-1.04884286206083,3.69624863487259
3.8524528,15.916061,22.390157,13.527037,24.178975,-0.805633250931939,3.79393332517139
3.9036608,15.935765,22.238875,13.564434,24.112131,-1.09350885407723,3.43481077096916
3.933552,15.994878,22.323971,13.555085,24.064385,-0.521224469678081,3.38712245310899
3.9648704,15.994878,22.276696,13.620529,24.073934,-0.870412134609345,3.2230747708665
4.0147824,15.965321,22.286151,13.555085,24.045287,-0.656749312827859,3.37481706090226
4.066288,16.063842,22.229420,13.629878,23.959344,-0.506456764937071,2.88990010033457
4.0987504,16.113103,22.144325,13.695322,23.844754,-0.466184527558441,2.44483823059158
4.1374448,16.103251,22.125414,13.695322,23.787459,-0.382264736907975,2.37259048568797
4.1675184,16.162363,22.163235,13.760766,23.892500,-0.5993567132289,2.31465628445913
4.2072304,16.191920,22.144325,13.751417,23.940246,-0.679616255597816,2.31198024839491
4.2672512,16.142659,22.115959,13.732719,23.863852,-0.625586681094112,2.31178362266049
4.2987504,16.044138,22.163235,13.704671,23.892500,-0.772397138756581,2.63247372535186
4.3308224,16.113103,22.068684,13.667275,23.959344,-0.929655921551417,2.54208794092164
4.3797952,16.073695,22.153780,13.704671,23.968893,-0.935180598600827,2.65744274810931
4.4094848,16.162363,22.163235,13.770115,23.997541,-0.927698694418927,2.42163007696115
4.444528,16.211624,22.201055,13.714020,23.968893,-0.438892454990501,2.44486346458152
4.4908016,16.113103,22.191600,13.704671,23.921148,-0.579455218898058,2.57384222730671
4.533288,16.083547,22.295606,13.601831,24.016639,-0.348139635032207,3.05009866183547
4.5620272,16.073695,22.314516,13.545736,23.987992,-0.0784968552250742,3.15936269283878
4.613424,16.044138,22.267241,13.527037,23.997541,-0.268957517103081,3.20359083681152
4.6471584,16.044138,22.314516,13.536387,24.007090,-0.189974351560961,3.25301758419988
4.6898128,16.063842,22.267241,13.545736,24.054836,-0.432282823181256,3.20032827218027
4.7274336,16.053990,22.342881,13.555085,24.178975,-0.630259094082797,3.43455800384106
4.7587024,15.975174,22.267241,13.498990,24.159877,-0.850648267862632,3.57152155276074
4.7913376,15.896357,22.286151,13.508339,24.150328,-1.01977048246125,3.71019194817748
4.8311968,15.856948,22.219965,13.508339,24.150328,-1.31953941647914,3.70558031993683
4.861312,15.985026,22.380701,13.527037,24.236270,-0.801958395262845,3.7228917048793
4.9024544,15.925913,22.305061,13.536387,24.245820,-1.23697588490563,3.73744317309581
4.9348384,15.827392,22.219965,13.508339,24.102582,-1.26626732366656,3.70432539386941
4.9735504,15.787984,22.295606,13.461593,24.188525,-1.2759864471732,4.05174558673687
5.0046848,15.837244,22.465797,13.470943,24.284016,-0.955028828327156,4.25150549531512
5.034552,15.856948,22.494162,13.527037,24.331762,-1.11657595966638,4.1998621881363
5.0846656,15.827392,22.465797,13.405499,24.284016,-0.795083026327811,4.39038157176894
5.1161008,15.847096,22.437432,13.461593,24.159877,-0.623970575684487,4.07406027525508
5.1463616,15.886505,22.484707,13.377451,24.121680,-0.0266245033496815,4.16711926025438
5.1934448,15.856948,22.503617,13.424197,24.178975,-0.356546849703573,4.22364775175856
5.2276352,15.856948,22.513072,13.461593,24.083484,-0.162519069348995,4.05502285934287
5.2587104,15.906209,22.427977,13.405499,24.083484,-0.101818677071763,3.96881477196913
5.300128,15.886505,22.465797,13.489641,24.083484,-0.293341450925787,3.89402022742052
5.3498656,15.955469,22.456342,13.527037,24.112131,-0.315611728745696,3.72078588095356
5.3798992,15.916061,22.465797,13.442895,23.978443,0.228171210561353,3.80347829710504
5.4311696,15.945617,22.456342,13.470943,23.940246,0.314197651888924,3.64183303160923
5.462624,15.975174,22.484707,13.527037,23.987992,0.177320924472564,3.57315500262493
5.4921568,15.985026,22.579258,13.536387,24.102582,0.113748130694042,3.78100157613481
5.5307984,15.985026,22.503617,13.461593,23.987992,0.447203596122886,3.69729933342035
5.564576,16.004730,22.437432,13.461593,23.892500,0.592743048170187,3.47242486027817
5.5945744,15.975174,22.456342,13.442895,23.892500,0.616955295905364,3.58330508290027
5.6245392,15.935765,22.494162,13.489641,23.825656,0.670759888651105,3.53587324733009
5.6757728,16.113103,22.531983,13.545736,23.892500,0.919017281988726,3.22994153156339
5.7197904,16.142659,22.465797,13.601831,23.863852,0.737075894759419,2.96251112471422
5.7723488,16.053990,22.446887,13.639227,23.758811,0.630671589045865,2.91072551520332
5.8001392,16.063842,22.361791,13.657925,23.730164,0.447746744247556,2.72463071684337
5.829688,16.034286,22.409067,13.639227,23.787459,0.385971554350345,2.93598953262948
5.8608752,16.073695,22.352336,13.667275,23.739713,0.394172442804404,2.6896435905886
5.9120864,16.053990,22.333426,13.685973,23.739713,0.231268682836856,2.66917834843094
5.963472,16.113103,22.342881,14.125382,23.395943,0.148191889967223,1.36646795999075
5.9983984,16.182068,22.371246,14.639585,23.071270,-0.123566912979805,-0.0356546218988427
6.0345888,16.319997,22.314516,15.284676,22.517418,-0.157397695065924,-2.16342311221781
6.0649312,16.241180,22.267241,15.378167,22.278689,-0.0945759777097464,-2.54318645682799
6.0962336,16.270736,22.465797,15.518404,22.431475,-0.294281780909405,-2.40478055070978
6.1476304,16.231328,22.635988,15.518404,22.651107,-0.554077853442517,-1.85823577410228
6.1787072,15.935765,22.844000,15.172486,23.128566,-1.17056986625425,0.0928496766319817
6.2086848,15.689463,22.966916,14.938758,23.185861,-1.01574247534167,1.15898288227695
6.2501344,15.492421,22.957461,14.695680,23.415041,-1.55606433558254,2.20785643518339
6.2801232,15.393900,23.070922,14.620887,23.911598,-2.70540723475411,3.23095483844418
6.3096736,15.492421,22.929096,14.667633,24.131230,-3.57310185829043,3.05879022648486
6.3424768,15.265823,22.456342,14.723727,24.121680,-5.69119752452679,2.80727683473959
6.3935104,15.423456,22.257786,14.779822,24.274467,-6.38903951628818,2.36770129840189
6.4226224,15.295379,21.936313,14.901361,23.892500,-6.96378235066883,1.54924479904489
6.4626912,15.108189,21.558110,14.929409,23.224057,-6.81844733346289,0.574750810028629
6.503624,15.068781,21.510835,14.985503,22.097254,-3.99392870454453,-0.915094705409654
6.5347152,15.305231,21.832307,15.219232,21.304672,-0.711605295365471,-2.37158730854774
6.5683056,15.374196,21.699936,15.181835,20.254262,2.37566775281009,-3.97087619026107
6.6157792,15.531829,21.690481,15.107042,19.499877,5.36788140523928,-5.14474388043004
6.6497584,15.866801,22.569803,15.088344,19.900943,7.64943890569763,-4.0120238282332
6.677504,15.630350,22.475252,14.648934,19.776803,8.46893786337866,-3.07296791750383
6.7173456,15.541681,22.692719,14.686331,19.786352,8.68611874450326,-2.68211598324823
6.749544,15.393900,23.477490,14.723727,20.531189,8.04744922079138,-0.527719775766318
6.7784576,14.852035,23.222203,14.564792,20.196967,7.33096262666655,0.0249265092821638
6.8110464,14.871739,23.685501,14.854615,19.967787,8.50415014728258,-0.254594533191231
6.8526608,14.536768,23.884058,15.368818,19.977336,6.50875514416341,-0.323580868147957
6.8813936,14.743662,23.855693,15.593197,19.499877,7.78590084001023,-1.75142443069588
6.9112576,15.029372,23.590951,16.051305,18.907828,8.25752383218251,-4.20040022906439
6.9434384,15.364344,23.364029,16.771189,19.022418,6.01087937523701,-6.20964727651651
6.9825536,16.586004,22.361791,16.458377,18.659549,8.67986026722993,-9.61305708432652
7.0322032,16.651861,21.832307,17.224061,18.334877,6.03814090617202,-12.2046817542041
7.073456,17.881700,20.678788,18.128122,17.647336,5.59611846155104,-18.3387517477615
7.1047376,19.238426,20.310041,19.115209,17.675984,5.30450299479199,-22.4399468618868
7.1350016,20.048558,19.080881,19.548790,17.122131,4.50683589848751,-26.9958958943392
7.1659712,20.458504,18.021913,19.438088,17.971625,0.539361604446593,-27.7540410330726
7.2060736,21.239354,17.813901,19.364287,16.541624,6.57512849087831,-31.3932918859846
7.2472368,22.147092,16.934580,19.797868,15.140611,9.60318727936462,-37.0916234206807
7.277968,23.289084,17.019675,20.480526,14.551219,12.6489855151473,-40.3492307546444
7.3275216,25.085039,16.518557,21.670566,12.937637,17.3571318119421,-47.7679848708318
7.3588912,26.480808,16.856406,22.676103,11.633245,22.6570241739513,-52.2344724868453
7.3885232,28.013226,16.683870,23.727766,10.927907,24.8810941710655,-56.555563750275
7.4301424,29.321149,15.917043,24.567251,10.116286,26.0763589531559,-61.6233336263012
7.460264,30.580269,14.738048,25.222234,9.362637,26.5674306564201,-67.1208109118975
7.491232,31.897953,14.345049,26.144745,9.005137,26.991856299734,-70.4817975410151
7.5220496,33.323004,14.872242,26.845854,8.956826,29.4260014577948,-71.2104878066762
7.5611776,35.811963,15.169387,28.746227,8.860204,30.1718605152216,-74.0455824373828
7.5924736,36.739222,16.472993,29.622613,9.304664,31.0501413166466,-72.1039410138992
7.623664,36.631855,17.517794,30.222245,9.865069,29.7916550651528,-69.6399866019794
7.6645552,36.104782,16.698203,30.379072,10.116286,26.0448535356879,-70.3624520876508
7.704608,31.409922,17.870632,28.358773,11.324056,20.8417340058462,-61.0693137882557
7.7345744,29.487080,17.662620,25.877217,12.570475,19.494685120661,-55.3611264721649
7.769784,24.684853,16.376730,24.124446,12.956962,8.51217375193038,-50.3032461877142
7.8058192,16.339521,11.507791,17.676092,10.908583,-5.34402698377458,-45.3229655456207
7.837264,12.487532,6.561759,15.415564,7.768380,-23.7106003098245,-58.5284110691675
7.8921616,10.083620,3.427355,14.172128,5.671690,-43.6205008577355,-73.6935556805461
7.9285664,12.349602,5.814103,16.974983,10.473786,-46.586784104488,-54.4738118256798
7.9600144,14.379134,7.539463,19.096759,13.053583,-43.4845678971911,-49.0534274752357
8.002392,17.989066,11.411937,23.091233,17.685533,-37.6096343674569,-41.3564434640839
8.041384,20.731801,14.594268,25.932568,24.713730,-41.0953330173956,-31.6455879674101
8.072624,20.243770,14.584682,26.135520,26.413484,-46.4223512780998,-28.9116527895856
8.1023152,19.775260,14.939339,26.670577,29.096803,-52.8890156679284,-24.9270042906677
8.1437184,19.228665,15.409021,26.513750,30.185410,-54.8084948209145,-22.0756874491948
8.1746528,16.729946,15.984141,23.257285,30.987541,-56.1198355663252,-12.7346207188041
8.2163744,15.521977,16.549675,21.098609,32.792336,-57.4678510547033,-5.02036107235897
8.2563536,13.965346,16.722211,19.345837,33.966885,-60.8286269899794,1.69324905740133
8.3013728,10.497408,17.460282,16.294383,35.934016,-68.0453276866562,15.9296138218493
8.3359648,10.320071,16.840029,15.125740,35.685738,-68.1868186714416,17.7018405168648
8.378496,10.014656,16.722211,14.695680,34.243811,-66.0339089823784,17.6609771364355
8.4072864,10.349627,16.660383,14.639585,34.539836,-65.5117854674317,17.3277735006498
8.4370704,10.911196,17.482974,14.667633,34.749918,-61.0097051828054,17.1592156532904
8.4700048,10.556521,17.066951,13.985145,33.336639,-59.419150834092,17.4478549559576
8.5121376,10.507260,17.728806,13.489641,33.183852,-55.802115623421,19.0703613873442
8.5610672,10.881640,19.629275,12.620171,33.890492,-47.4888510383446,22.5387349368342
8.5925008,9.965395,20.962441,10.731644,33.919139,-41.8254527531994,29.6717154582084
8.6412832,9.955543,22.456342,10.077205,34.740369,-37.2924454661714,32.9675108294662
8.6726224,9.541755,23.638226,9.450812,35.370615,-34.8270435177205,36.5932837903427
8.706192,9.453086,24.527003,9.011403,35.303770,-31.0934547294805,38.3394356048086
8.7433072,9.551607,25.311774,8.787023,35.370615,-27.9793470432741,39.1964146813371
8.7733376,9.482642,25.585971,8.628088,34.893156,-25.8005287706843,39.5672934752798
8.803416,9.620572,26.153275,8.515898,34.893156,-23.391152356684,39.8866921253708
8.8445184,9.591015,26.172186,8.609390,34.702172,-23.1819240862855,39.6309285735157
8.8758352,9.561459,25.916899,8.656135,34.329754,-23.2300719922467,39.1726577336623
8.9060432,9.600867,25.463055,8.927260,33.756803,-23.7344864655224,37.7743209564341
8.947304,9.797909,25.141583,9.273179,33.155205,-23.4714593798277,35.9072914641589
8.9898736,10.152585,24.857930,9.656493,32.009303,-21.3067232728088,33.2059508558943
9.018624,10.379183,24.659374,9.600399,31.111680,-18.7304278265792,31.9729588598708
9.0500128,10.526965,24.385177,9.787381,30.500533,-17.9919328811372,30.5176942066126
9.0998416,10.802823,23.959699,9.927618,29.612459,-16.4358060760502,28.4969660133375
9.1334464,11.039274,23.817872,10.002412,28.647992,-13.6873405020989,26.8435541542519
9.1826592,11.492470,23.373484,10.301584,27.454344,-11.1307289594283,23.6855035488292
9.2235648,12.073744,23.127652,10.881231,26.212951,-8.18338395883152,19.7154574500355
9.252216,12.625461,23.212748,11.694606,25.334426,-6.0532747243221,16.0120601522345
9.2826496,13.009693,23.174928,12.330347,24.599139,-4.72079468358609,13.0882994971384
9.32468,13.384072,23.401849,12.536029,23.921148,-1.54340958762527,11.4217818882738
9.3574112,13.640227,23.798962,12.526679,23.615574,1.30084627033617,11.0280477139577
9.3848688,13.866825,24.489183,12.143365,23.682418,4.86932497715034,12.1659033829368
9.4161664,14.103275,25.368504,11.862890,23.739713,8.64280381942043,13.2500828816619
9.4561776,14.251057,25.708887,11.778748,23.720615,10.2826830921754,13.4600625290624
9.4860464,14.398838,25.831803,11.629162,23.329098,12.6662171347845,13.1826865548064
9.5199456,14.487507,25.850713,11.563718,22.918484,14.4297944499712,12.723212728308
9.561176,14.654993,25.746707,11.722653,22.517418,15.3567792876585,11.5361254953637
9.6087776,15.324935,25.491420,12.320998,22.049508,16.045621674377,8.27425220890205
9.64008,16.152511,25.576516,12.666917,21.562500,18.8605589934847,5.60343236490163
9.6899712,16.536743,25.491420,12.900645,20.932254,20.8733250753632,3.63511082031006
9.7226112,16.417606,25.188858,13.115675,20.426148,20.7188424342258,2.50500220515552
9.7524336,16.808031,24.961936,13.190468,20.091926,21.9685480438105,0.977202505247078
9.7959472,17.003244,24.839020,13.181119,20.025082,22.398183420882,0.407810908653904
9.8333232,17.608402,24.545913,13.414848,19.652664,23.63806790785,-1.92354393325303
9.86332,17.871939,24.337901,13.517688,19.643115,23.477947147245,-2.84619005557884
9.8995776,17.998827,24.044794,13.667275,19.471230,23.1286813816792,-3.92273489676964
9.9358336,18.164758,23.751687,13.770115,19.327992,22.9355118261775,-4.95416443820123
9.965952,18.125715,23.770597,13.826210,19.528525,22.059278218574,-4.70078526276734
9.9995552,18.086673,23.713867,13.975796,19.757705,20.6070560381173,-4.6717575203261
10.0384624,18.076912,23.505855,13.994494,19.967787,19.3239390035472,-4.6846295791306
10.0686432,17.832896,23.335664,14.041240,20.044180,17.8625045997066,-4.46133213247032
10.0987632,17.657205,23.222203,14.031891,20.378402,16.0871735897995,-3.85515758095914
10.1325392,17.413190,23.326209,13.947749,20.683975,15.0288548870423,-2.75880195759056
10.178712,16.788510,23.742232,13.723369,21.285574,13.3105615915238,0.0155892813096301
10.209904,16.783045,24.262261,13.340055,21.887172,13.9994987253553,2.06261914674388
10.2411856,16.290441,24.839020,13.059580,22.374180,13.5907417249872,4.70667553980463
10.2900368,15.659907,25.207768,12.601473,22.928033,12.6125487006712,7.76566206332395
10.3246816,15.265823,25.132128,12.367744,23.090369,11.583586539009,9.05101223686275
10.3536832,15.137745,25.292864,12.208809,23.224057,11.7474613688114,9.92171472392007
10.4046704,14.930851,25.510330,12.105968,23.606025,10.9297172045767,11.1617035421634
10.4549024,14.822478,25.415780,11.975080,23.663320,10.6096924486088,11.5856577948634
10.5011664,14.773218,25.472510,11.900287,23.758811,10.5670900458356,11.9881678317988
10.5384016,14.881591,25.406325,11.918985,23.663320,10.9125763953293,11.5697569659467
10.5673056,14.792922,25.481965,11.844192,23.682418,11.0466118337164,11.988408716905
10.5974192,14.704253,25.500875,11.844192,23.672869,10.8886685660334,12.1714766378314
10.6500352,14.743662,25.529241,11.788097,23.768361,10.9507427758744,12.3346253651049
10.680136,14.704253,25.491420,11.825494,23.806557,10.5147026381482,12.3389540349218
10.7313328,14.595880,25.519786,11.834843,23.816107,10.2425915615388,12.5726023582156
10.77268,14.556472,25.510330,11.825494,23.987992,9.62031912552975,12.8382554147457
10.802608,14.546620,25.472510,11.834843,23.987992,9.46367642989152,12.7997115957427
10.8348592,14.507211,25.359049,11.844192,24.007090,8.96491948289666,12.759901862439
10.877208,14.457951,25.415780,11.806796,23.949795,9.27060768943264,12.929633280086
10.924872,14.448099,25.453600,11.806796,24.102582,8.88605197588148,13.1480493000391
10.9597296,14.428395,25.491420,11.797446,24.188525,8.70503603844343,13.3338390876187
10.994584,14.388986,25.472510,11.853541,24.188525,8.37902308340929,13.2814082965599
11.0246176,14.359430,25.529241,11.825494,24.255369,8.33644005505842,13.5227416320436
11.0732976,14.329874,25.453600,11.816145,24.198074,8.25092428060947,13.4616063472714
11.1185216,14.221500,25.481965,11.825494,24.236270,7.89105092135105,13.7259017533829
11.1538144,14.162388,25.585971,11.825494,24.350861,7.67045075443673,14.0680626987143
11.2040144,14.122980,25.567061,11.825494,24.398607,7.36938351806426,14.1755527329515
11.244984,14.113127,25.491420,11.806796,24.379508,7.24921685358234,14.1346655074211
11.2813808,14.004754,25.623791,11.816145,24.398607,7.22976328704245,14.486270123672
11.3135808,14.034311,25.737252,11.806796,24.436803,7.53289894456533,14.6011601425378
11.35228,14.103275,25.680522,11.806796,24.379508,7.73700386199499,14.3482117535064
11.3824304,14.103275,25.718342,11.713304,24.245820,8.5197078929853,14.4351900813181
11.413456,14.152536,25.737252,11.825494,24.274467,8.28232467335642,14.1644141124423
11.4634608,14.182092,25.775072,11.760050,24.322213,8.51749558062705,14.32294456753
11.4951744,14.122980,25.661612,11.769399,24.140779,8.56633398460565,14.1186558720284
11.5248512,14.113127,25.708887,11.703955,24.102582,8.97985687415817,14.2773682079217
11.5649904,14.142684,25.841258,11.750701,24.264918,8.78941242937178,14.4284137364278
11.5961296,14.132832,25.888533,11.741352,24.226721,9.03300217360806,14.4756775756027
11.6272816,14.211648,25.879078,11.713304,24.188525,9.41886446830331,14.3265394803997
11.6599728,14.132832,25.907443,11.694606,24.102582,9.59796949552959,14.4606414845796
11.70744,14.132832,25.935809,11.703955,24.178975,9.41621681928074,14.5492332174302
11.7401232,14.103275,25.916899,11.657209,24.178975,9.42628153658002,14.681222430817
11.7712864,14.113127,25.888533,11.647860,24.150328,9.49083310000471,14.6219861221416
11.822504,14.063867,25.850713,11.638511,24.169426,9.2262453378652,14.7193257449006
11.8514448,14.122980,25.888533,11.657209,24.159877,9.46045294341922,14.5936314183703
11.882712,14.122980,25.822348,11.694606,24.255369,8.8820469146352,14.5494136838184
11.9350864,14.113127,25.916899,11.732003,24.236270,9.05575892531043,14.571891227072
11.964528,14.142684,25.869623,11.732003,24.198074,9.12265710520649,14.4260650991176
12.0034032,14.113127,25.992539,11.722653,24.350861,8.94416070526916,14.7839786163826
12.053392,14.073719,25.916899,11.657209,24.255369,9.11671065304933,14.8177823093062
12.0845696,14.073719,25.841258,11.638511,24.169426,9.22731890950579,14.6900670671307
12.1222608,14.044163,25.793983,11.657209,24.207623,8.84797168221495,14.7023803380079
12.1673488,14.014606,25.907443,11.638511,24.198074,9.1601272349668,14.9044731047659
12.1972928,14.073719,25.983084,11.750701,24.360410,8.70010134801225,14.8065483499616
12.2285152,14.063867,25.954719,11.722653,24.398607,8.56670756616085,14.8915414718959
12.2699024,14.054015,25.793983,11.666559,24.236270,8.76035528772099,14.6934818346536
12.3087088,14.122980,25.793983,11.778748,24.188525,8.75343058863705,14.2852902470987
12.349872,14.142684,25.737252,11.806796,24.188525,8.56908498810014,14.1325904907001
12.393528,14.083571,25.708887,11.806796,24.131230,8.50398755399695,14.1614929324111
12.421024,14.142684,25.689977,11.844192,24.169426,8.3861427675601,13.990382439809
12.4513568,14.113127,25.689977,11.825494,24.150328,8.41937457467163,14.0661359916432
12.4848304,14.191944,25.671067,11.853541,24.112131,8.61221762439761,13.7960293599922
12.523536,14.103275,25.661612,11.834843,24.093033,8.45964794140523,13.9788125211832
12.5536944,14.162388,25.585971,11.909636,24.198074,7.87558592331133,13.744535153051
12.5871808,14.182092,25.604881,11.928334,24.131230,8.12454455005728,13.619246557178
12.6248768,14.221500,25.557606,11.909636,24.150328,8.10199189190065,13.5492565292321
12.667704,14.172240,25.576516,11.965731,24.188525,7.73752882770937,13.5949065353662
12.6971776,14.241205,25.377959,12.003128,24.064385,7.64426521143531,13.0500856505894
12.7311264,14.132832,25.340139,12.012477,24.093033,7.13118363575477,13.2356350293454
12.768568,14.241205,25.349594,12.040524,24.121680,7.28367689199968,13.0067511353316
12.7987552,14.270761,25.377959,12.096619,24.178975,7.10339783312155,12.9280235826181
12.8302064,14.359430,25.368504,12.199460,24.217172,6.8997946254505,12.5836201799441
12.8838608,14.300317,25.349594,12.152714,24.140779,7.05335152836399,12.690781694944
12.9209456,14.369282,25.122672,12.264904,23.854303,7.14215086156443,11.7955523633115
12.953512,14.556472,24.933571,12.358395,23.806557,7.0001762932624,10.9962017162831
13.0196624,14.881591,24.839020,12.564076,23.758811,7.15835365955638,9.81911443503222
13.0534384,14.940704,24.716104,12.676266,23.548730,7.27622663840087,9.12905657775843
13.0895904,15.118041,24.527003,12.760408,23.424590,7.36351831844846,8.2862171796646
13.1359568,15.157450,24.517548,12.751059,23.357746,7.6727869683989,8.14463703862093
13.1657632,15.275675,24.545913,12.844550,23.195410,8.27717241747342,7.59437797216774
13.2020896,15.334787,24.536458,12.938042,23.061721,8.53222935009956,7.14632584688365
13.2471072,15.462865,24.489183,12.994136,23.042623,8.63990976754347,6.72543793384979
13.2773408,15.364344,24.489183,13.022184,23.004426,8.40374465688727,6.81491208906602
13.31964,15.364344,24.441907,13.022184,22.966230,8.39012542698847,6.71872768221622
13.3585568,15.295379,24.422997,13.040882,23.023525,7.92368847457613,6.85657134489082
13.392456,15.315083,24.432452,12.994136,23.204959,7.60033626239505,7.1216773242093
13.4462688,15.265823,24.479728,12.994136,23.281352,7.36722139092222,7.35260227805018
13.4808544,15.275675,24.394632,13.031533,23.224057,7.22179050159076,7.10451044269085
13.5111456,15.147598,24.281171,13.003486,23.281352,6.47479054292106,7.33631526394226
13.5423232,15.196858,24.366267,13.031533,23.319549,6.64528380619245,7.32813795047995
13.5824496,15.118041,24.356812,13.068930,23.415041,6.00954606079302,7.50226433328979
13.6186144,15.019520,24.337901,13.050231,23.529631,5.40377233614786,7.83021421307388
13.6549216,14.861887,24.432452,12.881947,23.625123,5.44570010733546,8.65945857592836
13.7062096,14.852035,24.441907,12.853899,23.844754,4.87872590171976,8.98311557980569
13.7348704,14.822478,24.517548,12.872598,23.777910,5.14739223562334,9.0134383805433
13.766288,14.783070,24.404087,12.853899,23.825656,4.64076405091781,9.05244480772347
13.8061216,14.822478,24.356812,12.872598,23.739713,4.81746818964796,8.7953344138872
13.8373696,14.852035,24.309536,12.919343,23.768361,4.54611794304179,8.62932351480748
13.8675984,14.901295,24.262261,13.031533,23.749262,4.2775547953847,8.24912821660569
13.8987296,14.861887,24.148800,12.984787,23.768361,3.93590963107326,8.30858970088656
13.9487552,14.832330,24.205530,12.975438,23.711066,4.20750386530213,8.38205124121933
13.9801488,14.802774,24.177165,13.087628,23.730164,3.66056024380663,8.21453096753547
14.010128,14.842183,24.233896,13.115675,23.749262,3.78858207710931,8.17029748384046
14.0512544,14.802774,24.290626,13.096977,23.863852,3.55553732412819,8.46944392455125
14.0810416,14.753514,24.158255,13.040882,23.768361,3.4963483886175,8.41860982576458
14.1110992,14.792922,24.196075,13.022184,23.777910,3.73769615308936,8.43148375862688
14.14584,14.763366,24.196075,13.050231,23.844754,3.37711708997749,8.50809268688162
14.1821328,14.763366,24.214986,13.162421,23.825656,3.15701765416599,8.2946323175311
14.215832,14.792922,24.120435,13.125024,23.797008,3.16981544414703,8.17337847875608
14.2446,14.714105,24.158255,13.087628,23.892500,2.88570395748549,8.54161735056006
14.3045504,14.635289,24.167710,13.125024,23.940246,2.44368280242458,8.68347592829058
14.3360544,14.586028,24.186620,13.096977,24.093033,1.99550204639129,9.01917594396919
14.3648512,14.556472,24.167710,13.106326,24.093033,1.83296185286002,9.03704892541917
14.40732,14.497359,24.271716,13.031533,24.140779,2.03703383580645,9.45859774025592
14.4372544,14.388986,24.394632,12.919343,24.274467,2.01505319458443,10.159689755123
14.4675568,14.300317,24.422997,12.947391,24.274467,1.76511132000099,10.3068790050412
14.5035872,14.369282,24.413542,12.938042,24.236270,2.06957645023031,10.1408158478231
14.5385264,14.379134,24.366267,12.891296,24.150328,2.35201002879122,10.0678218368167
14.5786896,14.339726,24.394632,12.835201,24.159877,2.45720801858507,10.2929665127295
14.6099184,14.418542,24.451362,12.863248,24.150328,2.7810615171432,10.1379703901245
14.661328,14.517063,24.441907,12.928692,24.045287,3.14445471489157,9.69904380489717
14.7112752,14.576176,24.413542,12.938042,24.026189,3.25832197631648,9.51631709191669
14.75364,14.526915,24.422997,12.872598,23.949795,3.56369267721746,9.66347172175171
14.7935184,14.477655,24.527003,12.881947,24.035738,3.43605755291562,9.94625638774986
14.8327296,14.438247,24.574278,12.825852,24.016639,3.67840410613855,10.1603889253848
14.8776512,14.467803,24.602643,12.723011,24.045287,4.05688570657423,10.3631267680929
14.9173584,14.418542,24.725559,12.704313,24.054836,4.28748517851693,10.6367346446016
14.956144,14.349578,24.744470,12.723011,24.083484,4.00990153483055,10.7848238730687
15.0075888,14.310169,24.857930,12.638869,24.140779,4.29347493190098,11.2062778569295
