0.0427888,14.780364,21.889038,15.840836,23.376844,-1.89570487041924,-0.359146879879233
0.072784,14.731098,21.983588,15.868889,23.443689,-2.02357767385359,-0.125896261096159
0.1150656,14.740951,21.983588,15.812784,23.481885,-1.9452985483232,0.00310002471397297
0.1537312,14.701538,21.907948,15.766030,23.586926,-2.44480419904809,0.193247262489479
0.1837552,14.681832,22.011954,15.719276,23.586926,-2.06761141523196,0.437805300766716
0.2148912,14.612860,22.125414,15.635119,23.615574,-1.78378565068748,0.884032498655415
0.2564,14.681832,22.115959,15.616417,23.701516,-1.79383460404775,0.884591019336149
0.2861424,14.514328,22.030864,15.550961,23.701516,-2.35844988540774,1.20451064701774
0.317568,14.563594,22.049774,15.457453,23.606025,-1.63505496967139,1.19341494662506
0.3475984,14.514328,22.087594,15.457453,23.644221,-1.77454687563373,1.37375237757694
0.3889872,14.612860,22.153780,15.560312,23.711066,-1.75730170345997,1.16688508169337
0.4215552,14.652272,22.163235,15.597715,23.596475,-1.40091453577364,0.902758568634813
0.4539072,14.671979,22.134870,15.579014,23.586926,-1.34837504460018,0.855660091156128
0.5076992,14.711391,22.191600,15.607066,23.453238,-0.774132138343956,0.641821787461812
0.5440112,14.701538,22.011954,15.597715,23.500984,-1.43719505192002,0.518201856878918
0.5826,14.711391,22.021409,15.644469,23.500984,-1.50957442264279,0.427442692399307
0.6240704,14.652272,22.115959,15.635119,23.625123,-1.72195072946203,0.812999026579426
0.6526496,14.671979,22.087594,15.579014,23.615574,-1.56643470038285,0.833394875541135
0.6848864,14.691685,22.087594,15.550961,23.606025,-1.40468122954953,0.83705420353202
0.723968,14.691685,22.059229,15.476155,23.730164,-1.62427209794556,1.08666588049696
0.7649056,14.632566,22.115959,15.541611,23.720615,-1.78538494515241,1.13141661883335
0.7964544,14.632566,22.115959,15.494857,23.749262,-1.7355063152085,1.25012679160559
0.8256624,14.622713,22.011954,15.494857,23.701516,-1.93941309791265,1.0871182618587
0.8788272,14.662126,22.144325,15.476155,23.768361,-1.56628482907659,1.28689340632713
0.9216096,14.652272,22.087594,15.485506,23.768361,-1.78784294765314,1.22035256183169
0.9615232,14.681832,21.974133,15.513558,23.634672,-1.74367556956202,0.820986252564481
0.9988096,14.662126,21.974133,15.485506,23.606025,-1.64509545097384,0.873143593285253
1.0301184,14.711391,22.106504,15.541611,23.653770,-1.3971826707438,0.897989675572955
1.0741024,14.800070,22.068684,15.569663,23.615574,-1.21990412016882,0.596623033625765
1.1225248,14.790217,22.021409,15.607066,23.500984,-1.17436988792912,0.35281144907146
1.1515744,14.849336,21.945768,15.700574,23.453238,-1.34939445963295,-0.0702312433709302
1.1927312,14.849336,21.860672,15.728627,23.415041,-1.57176114060286,-0.269701276995349
1.22496,14.839482,21.870128,15.747328,23.443689,-1.70365924139934,-0.239426587537906
1.2663808,14.908455,21.860672,15.747328,23.500984,-1.68645450923314,-0.305107348232191
1.3001216,14.947867,21.898493,15.709925,23.481885,-1.30375329643131,-0.286064077613187
1.336416,14.819776,21.889038,15.737977,23.472336,-1.75923380088645,-0.12977217882591
1.3664896,14.928161,21.898493,15.737977,23.529631,-1.57055612118833,-0.24330822306953
1.3964576,14.829629,21.841762,15.700574,23.529631,-1.92436278537706,-0.0682104468997622
1.43784,14.760657,21.964678,15.653820,23.586926,-1.79447140549983,0.356971778205292
1.4691216,14.809923,21.851217,15.672522,23.558279,-1.95623341224985,0.0636010908569205
1.4988096,14.750804,21.945768,15.672522,23.577377,-1.90440859271837,0.306836381169706
1.5391232,14.829629,21.898493,15.663171,23.548730,-1.706749048054,0.0904926269292154
1.5801696,14.888748,21.870128,15.766030,23.367295,-1.39932366461809,-0.453819628868377
1.6113136,14.918308,21.794487,15.887590,23.300451,-1.68606757023446,-0.897294161039316
1.6552272,14.947867,21.633751,16.074606,23.023525,-1.82474607306222,-1.82010707932531
1.7014624,15.056252,21.889038,16.205517,23.042623,-1.16910016241227,-1.90607496631328
1.7452352,15.105518,21.614841,16.327078,22.851639,-1.63805952749375,-2.78203318321846
1.7861904,15.066105,21.785032,16.355130,22.880287,-1.40999406545374,-2.51533082123508
1.814904,15.144931,21.605386,16.299025,22.851639,-1.47241580402467,-2.81378832362009
1.8499376,15.075958,21.643206,16.261622,22.880287,-1.53993419466816,-2.54376686690047
1.8789776,15.164637,21.785032,16.270973,22.975779,-1.15245537451441,-2.42258050853291
1.9313024,15.105518,21.662116,16.233570,22.937582,-1.47804277203238,-2.45190722656159
1.9590688,15.075958,21.775577,16.140062,22.842090,-0.708425360111237,-2.21229927514687
1.990048,15.095665,21.936313,16.140062,23.033074,-0.708725051681265,-1.81381444961594
2.0364432,15.066105,21.785032,16.055905,22.899385,-0.635032635902388,-1.963298010575
2.071248,15.026693,21.870128,15.999800,23.071270,-0.822030161146357,-1.47767607195297
2.1028416,15.006986,21.879583,15.971747,23.090369,-0.827294929006243,-1.35785023079085
2.1427072,15.036546,21.917403,15.887590,23.176311,-0.634838645930774,-1.10948002765445
2.1938192,14.908455,21.898493,15.812784,23.204959,-0.938079236423602,-0.735658334693934
2.2239728,14.967574,21.889038,15.784731,23.214508,-0.740930522385581,-0.791087913169015
2.2639664,14.888748,21.898493,15.728627,23.252705,-0.89502202072751,-0.491534488417965
2.2951536,14.809923,21.974133,15.691223,23.462787,-1.38241699391747,0.0630758936627345
2.3264928,14.770510,21.983588,15.691223,23.453238,-1.44414883561068,0.133803626919644
2.3567024,14.888748,22.059229,15.672522,23.424590,-0.744236371597537,0.0116947808010615
2.4088288,14.859189,22.078139,15.700574,23.462787,-0.958535698306444,0.0831553021607583
2.4377216,14.839482,22.002499,15.672522,23.510533,-1.29244351930433,0.135273867856867
2.4712112,14.839482,21.964678,15.616417,23.472336,-1.14292552070197,0.144523368266348
2.5102864,14.780364,22.059229,15.597715,23.606025,-1.35653243164318,0.558838363551597
2.5390768,14.809923,22.021409,15.560312,23.663320,-1.43564322882346,0.596281676446235
2.5766032,14.750804,22.059229,15.560312,23.577377,-1.26098232841676,0.645201621499606
2.622664,14.770510,22.068684,15.569663,23.548730,-1.12200156077303,0.569799262573607
2.6539536,14.780364,22.059229,15.579014,23.577377,-1.22583621956455,0.55819747898779
2.6826368,14.800070,22.021409,15.663171,23.500984,-1.30046657803257,0.234141361066886
2.7190688,14.809923,21.945768,15.700574,23.510533,-1.62342193098381,0.0696470759411589
2.753872,14.829629,21.851217,15.737977,23.453238,-1.78896585857132,-0.216309491364274
2.78376,14.829629,21.879583,15.775381,23.386393,-1.62411556053006,-0.330012414215027
2.815024,14.908455,21.898493,15.896941,23.329098,-1.51389961169693,-0.734949044854115
2.8739168,14.869042,21.889038,15.924993,23.233607,-1.47148974146804,-0.842354407928319
2.9065776,14.878895,21.737757,15.962397,23.147664,-1.75422826136748,-1.21663846867071
2.9402528,14.898601,21.785032,15.906292,23.204959,-1.55989052274178,-1.02362876952376
2.9877136,14.977427,21.803942,16.018501,23.214508,-1.60828950886782,-1.3290522286785
3.0302096,15.026693,21.794487,16.065255,23.243156,-1.6989365051133,-1.47592296921366
3.0600144,15.006986,21.699936,16.102659,23.099918,-1.74346648853675,-1.7990599395902
3.1090944,14.947867,21.633751,16.121360,23.090369,-2.13844402906355,-1.82067276223701
3.1399856,15.016839,21.652661,16.112009,23.061721,-1.77416727610453,-1.93843441109005
3.1705616,15.046399,21.728301,16.214868,23.157213,-2.01051542074168,-1.96187892200153
3.2251424,15.036546,21.633751,16.261622,23.052172,-2.15772724444564,-2.27301966454519
3.25272,15.066105,21.586475,16.280324,23.023525,-2.18261702319902,-2.45208765031555
3.2824688,15.075958,21.614841,16.252271,22.985328,-1.88753130088931,-2.4321751802384
3.3252032,15.105518,21.605386,16.242920,23.033074,-1.93405401051952,-2.4203881273021
3.3639024,15.075958,21.624296,16.224219,23.061721,-1.9928018169552,-2.27644927728385
3.3952416,14.977427,21.699936,16.186816,23.099918,-2.06244671558216,-1.89577212193644
3.430216,14.967574,21.709391,16.177465,23.176311,-2.24796770471417,-1.75619398262535
3.4765552,15.036546,21.633751,16.130711,23.071270,-1.84977165615038,-2.01802612673901
3.507408,14.908455,21.643206,16.168114,23.061721,-2.27693296893378,-1.85737634071528
3.540048,14.967574,21.662116,16.196167,23.119016,-2.28133592147506,-1.91794138254994
3.5789792,14.898601,21.624296,16.214868,23.119016,-2.64839413799323,-1.875493122548
3.6091104,14.898601,21.709391,16.205517,23.099918,-2.31858540858448,-1.77762675476606
3.6413216,14.928161,21.766122,16.261622,23.109467,-2.24448363737147,-1.84779067206964
3.6966256,14.997133,21.794487,16.289674,23.071270,-1.93019223334976,-2.03123836589408
3.7425504,15.026693,21.558110,16.373832,22.737049,-1.85058888251764,-2.93914450070967
3.7741024,14.997133,21.577020,16.457989,22.775246,-2.21978966410575,-2.96398671995913
3.8241024,15.075958,21.718846,16.523444,22.842090,-1.93344022894401,-2.95748789498565
3.8540912,15.046399,21.652661,16.504743,22.861189,-2.21624413415389,-2.93140866988328
3.896632,15.006986,21.548655,16.542146,22.832541,-2.66359981557017,-3.09309961336933
3.936232,14.987280,21.577020,16.486041,22.880287,-2.61504550501988,-2.86508417812865
3.9663456,15.026693,21.652661,16.420586,22.918484,-2.20051449280988,-2.67782822504433
3.9977184,14.967574,21.671571,16.420586,23.013975,-2.58120358784892,-2.43210125015494
4.0479664,15.006986,21.595930,16.355130,23.099918,-2.74428993075328,-2.37350132404579
4.0789776,14.888748,21.662116,16.336428,23.147664,-2.97765953364681,-1.99132028349302
4.1090528,14.898601,21.633751,16.327078,23.176311,-3.0852280310151,-1.99186038716838
4.1488272,14.829629,21.614841,16.327078,23.176311,-3.34553773071119,-1.89314835188608
4.1802464,14.839482,21.378464,16.308376,23.128566,-3.83739172333161,-2.22869053423756
4.2099072,14.888748,21.454104,16.392533,23.061721,-3.5127873049356,-2.45390152067258
4.2424112,14.908455,21.463559,16.401884,23.109467,-3.58238628822754,-2.4342472161759
4.2824176,14.918308,21.548655,16.392533,23.176311,-3.45778094837561,-2.24714421953905
4.3326048,14.967574,21.520290,16.495392,23.099918,-3.46811728942,-2.64456852277754
4.3640288,14.987280,21.359554,16.476690,23.157213,-3.99185862858047,-2.77469847612193
4.4213792,14.928161,21.369009,16.476690,23.166762,-4.16561752087868,-2.64707688403353
4.4565824,14.938014,21.350099,16.392533,23.271803,-4.2494772506451,-2.40934332879803
4.4887184,14.967574,21.435194,16.364481,23.367295,-4.09219448014888,-2.18891168615192
4.526464,14.809923,21.369009,16.355130,23.310000,-4.57715731660179,-2.04624549330072
4.5564672,14.839482,21.397374,16.327078,23.329098,-4.37995106995791,-1.99032051812203
4.5878608,14.898601,21.435194,16.345779,23.367295,-4.24622505068804,-2.03422836451675
4.6291632,14.869042,21.406829,16.327078,23.281352,-4.13354340199705,-2.08990755256229
4.65912,14.849336,21.416284,16.327078,23.376844,-4.42422457636326,-1.92559526470468
4.6900368,14.819776,21.378464,16.336428,23.395943,-4.70248429663776,-1.91288667150921
4.724072,14.770510,21.482470,16.252271,23.405492,-4.33621690956041,-1.53663279393122
4.7718176,14.839482,21.501380,16.205517,23.558279,-4.36310855217766,-1.36577801076314
4.8012096,14.809923,21.510835,16.280324,23.500984,-4.47045195688098,-1.50450576738106
4.8324752,14.750804,21.444649,16.149413,23.481885,-4.43565908198126,-1.27130873962828
4.8825328,14.691685,21.482470,16.055905,23.682418,-4.79055550379248,-0.707976154582852
4.9141312,14.721245,21.586475,15.971747,23.806557,-4.50108264179451,-0.333725728414127
4.9714832,14.740951,21.595930,15.953046,23.902049,-4.62268756371035,-0.208833233109203
5.0066224,14.612860,21.595930,15.831485,23.921148,-4.72607627500437,0.261724622082205
5.0566256,14.563594,21.577020,15.766030,23.921148,-4.75164338645512,0.445632231542344
5.0969584,14.622713,21.558110,15.784731,23.921148,-4.68242380527205,0.282616504117684
5.1315488,14.573447,21.633751,15.784731,24.016639,-4.8631699800735,0.576874872917799
5.1690016,14.583300,21.605386,15.850187,23.902049,-4.78498757611841,0.269654660967003
5.2074624,14.603007,21.586475,15.915643,23.921148,-5.01209926937582,0.116834485062167
5.239032,14.642419,21.586475,15.822135,23.930697,-4.66665771743679,0.225501116582933
5.2699456,14.603007,21.652661,15.831485,23.863852,-4.43051613303322,0.27876913665223
5.2999504,14.671979,21.595930,15.906292,23.806557,-4.44169185890666,-0.116899462953132
5.362768,14.642419,21.567565,15.906292,23.711066,-4.35429154132867,-0.213667121178876
5.391464,14.740951,21.605386,15.999800,23.701516,-4.1769496159097,-0.523320789397463
5.4266528,14.750804,21.567565,16.037203,23.739713,-4.46563122199068,-0.607220849056919
5.4640224,14.701538,21.614841,16.009151,23.625123,-4.08343577139217,-0.550784277097421
5.495256,14.642419,21.510835,15.934344,23.596475,-4.28744148523617,-0.472054634967215
5.5252672,14.701538,21.605386,15.943695,23.653770,-4.01118207965962,-0.410360413308858
5.5677072,14.731098,21.605386,15.981098,23.625123,-3.94713853509562,-0.564957566158029
5.6281296,14.770510,21.662116,16.018501,23.577377,-3.63338827375053,-0.691261448902402
5.6641392,14.809923,21.614841,16.009151,23.462787,-3.31791090190225,-0.941916004678522
5.7200896,14.790217,21.643206,16.009151,23.529631,-3.47508472042521,-0.790763935547854
5.7501312,14.819776,21.633751,15.999800,23.548730,-3.44210622945947,-0.815083107136715
5.7801216,14.740951,21.681026,15.990449,23.548730,-3.5101241205037,-0.600201890274466
5.8313152,14.770510,21.652661,15.990449,23.548730,-3.50658063218174,-0.687474113488744
5.8628016,14.790217,21.671571,15.971747,23.558279,-3.36704411771232,-0.654690365640672
5.9066848,14.740951,21.718846,15.971747,23.567828,-3.3990477924288,-0.497712144049441
5.951312,14.770510,21.643206,16.018501,23.558279,-3.63735747497803,-0.737443759810404
5.9866432,14.760657,21.482470,16.196167,23.348197,-4.05621019599703,-1.48973891231239
6.0427216,14.849336,21.558110,16.373832,23.243156,-3.76569243227287,-1.99825461824118
6.0766592,15.095665,21.227183,16.925529,22.698852,-4.03722262931152,-4.48918643787554
6.1079056,15.056252,21.160997,17.019037,22.593811,-4.32032255927193,-4.8003239904424
6.1442048,15.036546,21.009716,17.196702,22.450574,-4.92534434574124,-5.45011081716636
6.178792,15.095665,21.160997,17.411770,22.402828,-4.75160270975128,-5.78980748217583
6.2140432,15.056252,21.151542,17.533331,22.374180,-5.14901942190116,-5.97949761915305
6.2512288,15.066105,21.000261,17.626839,22.297787,-5.61792570159641,-6.44931515421491
6.2912576,14.869042,20.924620,17.729697,22.393279,-6.97205049832681,-6.26246175081504
6.3229312,14.770510,20.782794,16.652104,22.269139,-4.4163712637392,-4.55757538998959
6.3529008,14.632566,20.801704,16.855057,22.326434,-5.49833993985552,-4.57415788979391
6.394016,14.366531,20.990806,16.855057,22.374180,-5.86449905385139,-3.79857939869621
6.4254384,14.435503,20.612603,16.910407,22.393279,-7.01719954332834,-4.48118711902251
6.4550752,14.750804,20.064209,17.141035,22.011311,-7.32089225720926,-6.66356010218136
6.4891632,14.819776,19.317258,17.417788,21.352418,-8.38398956476913,-9.17414848758476
6.5279104,14.740951,18.655403,17.371663,20.846311,-9.20208516234349,-10.5964413875156
6.5579024,14.465062,17.501884,17.574615,20.454795,-13.3769720008631,-12.7220955355683
6.5890464,13.844313,16.367275,18.017421,20.397500,-20.5051862695052,-14.2140921941815
6.650072,12.967381,16.681851,17.666867,21.046844,-23.3321427175669,-10.5283678510852
6.6800528,12.021477,17.104771,17.318262,23.262254,-30.2011034646803,-4.32458756468649
6.7114016,12.031330,20.291130,16.588900,25.086148,-21.9892170923936,3.45692352795107
6.7541328,11.814561,21.926858,15.822135,25.410820,-16.2586179743272,7.59687195491375
6.7826944,12.257953,23.515310,15.700574,25.563607,-10.0569046085601,8.89509258966806
6.812608,12.612667,24.848475,15.607066,24.360410,-1.6336791052721,8.54397153545222
6.8452528,12.868849,25.387414,15.391998,21.696189,8.73077516834358,6.12093355918893
6.9027776,13.923138,27.051507,15.953046,19.280246,21.6850170887147,2.25714742056548
6.9351888,15.144931,29.245084,16.168114,17.751550,34.3213486921927,0.472665246369296
6.965256,16.159807,30.436423,16.289674,16.137608,44.1928771586189,-1.98265941383437
7.0066512,16.934919,31.693948,16.607602,15.751035,48.8687652180734,-2.78940993346967
7.0379056,18.047630,32.554359,16.317727,15.577077,54.4684383566443,-3.33589866685739
7.0688688,18.877283,32.960928,15.438752,14.910239,61.9818903077927,-3.55684206818271
7.1253808,20.585392,32.639455,14.354059,13.663541,72.5482015155194,-6.4134471419164
7.1590304,22.771771,32.403078,13.587294,12.842073,81.6375175692222,-9.94511276755855
7.1886816,24.196822,32.034330,13.334822,12.204228,86.6367050960796,-13.0084067644066
7.2299696,26.197750,31.873594,13.447032,11.701683,91.0237515708033,-16.9746197789957
7.2614592,27.778971,32.582725,13.746257,11.750005,93.2912483439544,-18.6311281014793
7.3114256,29.555404,34.086081,14.784196,12.165571,93.0622435887891,-19.9527311134736
7.3641968,29.848223,33.982075,16.570198,12.648787,85.9053108929898,-22.0985827229147
7.3928016,28.540299,31.069913,16.725905,12.542479,79.2842118679032,-24.4801158725142
7.4226368,25.778043,25.661612,18.026646,11.798327,62.9587875800223,-31.2594279152617
7.4752768,19.550766,16.806423,19.927019,10.657936,24.0425271418601,-42.8172773251393
7.5252416,14.001963,8.143886,23.082008,11.015516,-40.6317466983201,-58.6902620895344
7.559168,11.105133,5.844098,26.098620,14.349708,-83.262784021242,-56.1431153422276
7.5977536,9.311857,5.757856,30.314497,20.216066,-111.656784582233,-46.0840203762651
7.6279008,8.819199,5.134996,31.043281,20.177869,-118.419338553663,-47.8079892723776
7.6579056,8.888171,5.527877,32.297896,22.307336,-120.687628877265,-44.4099882379142
7.7091456,9.193619,6.524452,34.133693,25.993320,-121.391107702265,-38.6062859883294
7.7390592,9.045821,6.217814,35.406759,26.575820,-125.56607616975,-39.5651368286828
7.7689424,8.681254,6.160319,34.622624,27.950902,-128.113415725801,-35.8957901700698
7.8202768,8.464485,6.658606,33.626312,29.994426,-127.966148851973,-30.2312848296827
7.8500304,8.681254,6.993992,33.349559,29.068156,-124.211531177828,-31.071906289911
7.8813376,8.779786,7.501862,32.722251,29.297336,-121.089359220074,-29.2057939071995
7.916368,8.740373,7.463532,32.242545,28.523852,-119.969840417635,-29.7576953684182
7.9526288,9.045821,6.888585,33.340334,26.528074,-120.105318620223,-35.8480995614418
7.9828976,9.469508,6.361550,34.391997,25.468115,-120.562281534624,-40.4802527704711
8.0140368,9.686277,5.882428,35.213032,24.484549,-121.560337313195,-44.3698517648896
8.0653248,9.735543,5.508712,35.960266,23.606025,-122.892612629269,-47.6259124954674
8.1066944,10.326733,5.269151,38.072817,22.708402,-122.708877885254,-52.8406060951189
8.1538528,10.642034,5.230821,39.050679,22.316885,-122.144446313273,-55.0429202152896
8.1962912,10.711006,4.847523,39.714887,21.018197,-122.821810259087,-59.0583009529903
8.2277728,10.957335,4.905018,40.102342,20.550287,-121.360248100806,-60.5069215365807
8.2588496,11.016454,4.933765,39.834813,20.044180,-120.046711860356,-61.2562505679013
8.3090704,11.331756,5.508712,39.106029,20.321107,-115.515962531868,-59.1412917700645
8.3415568,11.725882,5.987835,38.820051,20.626680,-111.721890283582,-57.7161121733911
8.3703616,11.844120,6.476540,37.805288,20.903607,-108.141217794823,-55.3162835516963
8.4227904,11.853973,7.482697,35.388309,21.361967,-101.083415908365,-49.9237483721579
8.4526608,12.287513,8.555932,34.022992,21.018197,-92.1923390486588,-47.5015873965705
8.4839216,12.740758,9.839980,32.067268,20.884508,-81.6786288186999,-43.6149120513833
8.5364928,13.105325,12.149351,28.257296,20.989549,-64.3464445369881,-34.9425490531292
8.5763696,13.538865,13.730456,26.366148,20.521639,-51.9013310397176,-31.0489558035585
8.615264,14.297558,16.231476,23.506363,19.986885,-32.5433286921925,-24.8007416195919
8.6579216,14.553741,17.549159,20.618903,19.624016,-18.9852450675039,-19.2064880853514
8.68792,15.016839,19.572545,19.198235,19.385287,-6.44329714998009,-14.9698608761998
8.7176672,15.479938,21.085357,17.906719,19.222951,3.71632536513583,-11.6516386725121
8.7641376,15.824799,22.078139,17.039559,19.060615,10.6484222533775,-9.6123501612384
8.8091744,16.386429,22.948006,17.495927,18.630902,14.5770310812295,-10.7316096094813
8.8391408,16.672171,23.401849,16.906827,18.449467,18.9151515191126,-9.8566648891356
8.890144,16.368803,24.451362,15.915643,18.449467,23.9620158013758,-6.26171861968866
8.9229008,16.583537,24.990301,15.363945,18.535410,27.389117007702,-4.87028837279557
8.9513808,16.544494,25.633246,14.718740,19.031967,29.4029177948417,-2.23694429934191
8.9940928,16.957913,25.973629,14.101588,19.499877,31.7676801196691,-0.888426250794364
9.0228784,16.662318,25.973629,13.390927,19.700410,32.6618372436679,1.15671631201153
9.0540208,16.672171,25.926354,13.194560,19.795902,32.8935020108261,1.55374981913405
9.0916704,16.514521,26.011449,12.885984,20.101475,32.7216276819376,2.87130311113308
9.1465232,16.622905,26.238371,12.717670,20.435697,33.0237824259263,3.63637385538148
9.1853584,16.682024,26.304557,12.614811,20.435697,33.6652685541999,3.79350772378636
9.2336592,16.504667,26.380197,12.558706,20.741270,32.6124122299299,4.66256508510769
9.2701344,16.544080,26.247826,12.670916,20.922705,31.4451007757729,4.43851063069058
9.2989824,16.475108,25.964174,12.736371,20.922705,30.3540444617306,4.1199742897244
9.332576,16.347017,25.661612,12.736371,21.113689,28.6588194727972,4.22844696971477
9.3701504,16.130247,25.500875,12.811178,21.514754,26.196287141973,4.76777891959184
9.4000944,15.933184,25.321229,12.783125,21.954016,23.9420504413349,5.48264163696222
9.4501232,15.677002,25.264499,12.755073,22.269139,22.2384324888192,6.30642099786832
9.5025808,15.401113,25.179403,12.745722,22.708402,19.9711589015703,7.23910738713448
9.5326144,15.391260,24.943026,12.839230,22.794344,18.7708476275243,6.91384335042132
9.5676864,15.499645,24.602643,13.091702,22.746598,17.5305981797832,5.79999964446146
9.6023952,15.598176,24.309536,13.362875,22.928033,15.6506184880226,4.98446081846656
9.6351296,15.588323,24.262261,13.409629,22.918484,15.385210614598,4.85135390230244
9.6640576,15.627736,23.959699,13.643399,22.794344,14.3438441818363,3.85682124720755
9.7052928,15.598176,23.912423,13.521838,22.689303,14.807992512397,3.96007280508089
9.7365632,15.696708,24.025884,13.549891,22.565164,15.6730746395826,3.71351402256195
9.7664096,15.627736,24.196075,13.512487,22.612910,15.9169982217123,4.16201045473671
9.7976832,15.667148,24.186620,13.456383,22.526967,16.4236209375181,4.0828972767297
9.8413728,15.608029,24.158255,13.372226,22.507869,16.4966188934198,4.2939599815227
9.8792256,15.637589,24.337901,13.409629,22.421926,17.2091500433529,4.2776853515515
9.909184,15.637589,24.422997,13.297419,22.546066,17.4027119456906,4.72641305747597
9.9490768,15.637589,24.328446,13.353524,22.488770,17.1512761910634,4.44790545109613
9.979144,15.686855,24.356812,13.418980,22.450574,17.2786623686285,4.22382338417304
10.0102496,15.696708,24.328446,13.493786,22.526967,16.7747275593654,4.12252710385429
10.0466592,15.706561,24.375722,13.381576,22.574713,17.1220293873052,4.42099798594778
10.0977984,15.617883,24.451362,13.353524,22.641557,16.9705300396477,4.80042558891197
10.1339808,15.450379,24.404087,13.203911,22.784795,16.4094387579659,5.50052007895151
10.1728304,15.470085,24.536458,13.129105,22.832541,16.9017996610114,5.80764656208494
10.2037168,15.263169,24.612099,13.091702,23.119016,15.8016856615216,6.67266464858964
10.235144,15.243462,24.498638,13.101052,23.033074,15.669083669709,6.46888746237868
10.2661632,15.194196,24.394632,13.119754,23.080820,15.0532276768786,6.4632618442858
10.3077632,15.056252,24.432452,13.035597,23.147664,14.831323241589,7.00026535175372
10.3379456,14.997133,24.545913,12.998194,23.319549,14.5790710170401,7.50104159729888
10.3691328,14.928161,24.612099,12.932738,23.510533,14.1985947854053,8.04032947247966
10.4128032,14.800070,24.649919,12.857932,23.586926,13.9468692580688,8.55217712766921
10.4401616,14.711391,24.555368,12.820528,23.653770,13.3563736480566,8.76300762476049
10.4701472,14.721245,24.555368,12.839230,23.653770,13.3280824867834,8.70831656870411
10.5027728,14.740951,24.659374,12.867282,23.711066,13.4155167690015,8.79319452857983
10.5414048,14.632566,24.697194,12.801827,23.882951,12.9076186699614,9.35370526261845
10.5729008,14.603007,24.612099,12.820528,23.835205,12.6775932803146,9.23048191393632
10.6032288,14.563594,24.612099,12.820528,23.806557,12.6534043587833,9.27503437565215
10.6426032,14.553741,24.621554,12.783125,23.863852,12.5935976850974,9.43831196287764
10.6741472,14.563594,24.545913,12.773774,23.873402,12.4112715807359,9.36563000738239
10.7380864,14.534034,24.517548,12.783125,23.978443,11.9139452473882,9.48768587851324
10.7851168,14.524181,24.621554,12.689617,24.131230,12.0001249842985,9.96383304121836
10.816752,14.524181,24.612099,12.773774,24.236270,11.4196719512002,9.904645613714
10.8478304,14.415796,24.621554,12.755073,24.360410,10.83814525632,10.2921248766332
10.8892016,14.405943,24.612099,12.764424,24.398607,10.6461216351501,10.3237833646781
10.9190368,14.376384,24.498638,12.745722,24.274467,10.6654661105288,10.1624825697473
10.9507904,14.317265,24.498638,12.811178,24.322213,10.1704840077185,10.2014799797642
10.9877824,14.396090,24.309536,12.848581,24.341311,9.69813125311996,9.79461163182465
11.0201696,14.435503,24.129890,12.932738,24.150328,9.61664324720445,9.1548769873778
11.0514256,14.356677,23.931333,13.044948,24.121680,8.59189369777015,8.84211845089505
11.081488,14.396090,23.978609,13.110403,24.140779,8.59071747661815,8.71344170682971
11.1242336,14.504475,23.780052,13.241314,24.169426,7.87350209423055,8.06868039292475
11.1752656,14.494622,23.751687,13.428330,24.217172,7.08828672081058,7.75286905341766
11.20372,14.603007,23.553130,13.587294,24.054836,6.8424803339018,6.84516105669229
11.255088,14.681832,23.439670,13.755608,23.997541,6.42539224841941,6.18788205816171
11.2851584,14.681832,23.297843,13.867818,24.026189,5.61878982996755,5.84960158525845
11.3188192,14.691685,23.307299,13.858467,23.978443,5.83703617217601,5.80534193479834
11.3750032,14.701538,23.420759,13.970677,24.035738,5.70389644342327,5.76992851818676
11.4064848,14.800070,23.203293,14.036132,23.873402,5.64193485687022,5.03327596743809
11.4364256,14.859189,23.118197,14.054834,23.797008,5.73278012972032,4.70372698610658
11.48532,14.878895,23.033101,14.036132,23.787459,5.62705795910197,4.59321212958042
11.5175872,15.056252,22.853455,14.354059,23.548730,5.39409666040665,3.19199096141572
11.5490288,15.006986,22.900730,14.316656,23.567828,5.44070385215623,3.42902635844499
11.5891552,14.967574,22.787270,14.475620,23.424590,4.95834788407556,2.90882723094628
11.6202832,15.213903,22.721084,14.765494,23.262254,5.10996123473455,1.65883118482655
11.6507568,15.302581,22.645443,14.915107,23.090369,5.21057880752066,0.932579551972722
11.683872,15.322288,22.418522,15.008615,22.908934,4.86858892848858,0.23755051336537
11.730128,15.371553,22.418522,15.083422,22.737049,5.28730622594985,-0.194383242331057
11.7627808,15.489791,22.484707,15.204982,22.813443,5.24919693643777,-0.45175199465325
11.7925296,15.470085,22.484707,15.233034,22.813443,5.11316342765824,-0.46667660524432
11.8354496,15.509498,22.446887,15.279788,22.803893,5.01190154717854,-0.678045076475932
11.8654112,15.568617,22.342881,15.335893,22.737049,4.91434133062269,-1.0913717331435
11.895432,15.608029,22.305061,15.326542,22.756148,4.89117711372338,-1.16772497422041
11.9303456,15.657295,22.210510,15.410699,22.775246,4.46869964197645,-1.49696916835587
11.9714192,15.637589,22.248330,15.438752,22.803893,4.35985601365595,-1.43043537215834
12.0079392,15.539057,22.134870,15.429401,22.775246,3.86006601873618,-1.41290533190803
12.0402528,15.578470,22.238875,15.401349,22.956680,3.83764831740004,-1.08434315969897
12.0891472,15.548910,22.191600,15.401349,22.918484,3.72534374118331,-1.13597051287775
12.120128,15.410966,22.191600,15.317191,23.080820,3.10838494313617,-0.5426292747734
12.1540624,15.430672,22.229420,15.317191,23.033074,3.40852382202689,-0.589878358528839
12.2014832,15.440526,22.286151,15.242385,23.042623,3.78407320775367,-0.393439233746321
12.232472,15.351847,22.248330,15.223684,22.994877,3.60855013681481,-0.304741780545751
12.2626096,15.539057,22.323971,15.326542,23.004426,4.04471947517179,-0.719895506021487
12.30996,15.470085,22.267241,15.326542,22.928033,3.90070226552712,-0.758585787513368
12.3454352,15.499645,22.257786,15.251736,22.737049,4.71307406393839,-0.92209216581718
12.3952928,15.479938,22.305061,15.279788,22.717951,4.76657303731033,-0.90259180710154
12.4467872,15.568617,22.276696,15.391998,22.632008,4.86442086488898,-1.40068539451937
12.4768416,15.598176,22.229420,15.466804,22.526967,4.89984432013928,-1.77336159790718
12.5089696,15.706561,22.210510,15.466804,22.517418,5.18279849899212,-2.00057166456551
12.5588528,15.805093,22.276696,15.485506,22.412377,5.898368254934,-2.25576823443493
12.5911808,15.834652,22.229420,15.522909,22.402828,5.76846673980313,-2.44415602406118
12.6338128,15.795240,22.323971,15.466804,22.412377,6.05812151798202,-2.14697261441602
12.6802784,15.805093,22.333426,15.466804,22.383730,6.19483610726244,-2.18806323487722
12.7101632,15.755827,22.286151,15.373296,22.460123,5.96943213557992,-1.89958762836863
12.744304,15.745974,22.352336,15.391998,22.479221,6.02150885751668,-1.8102391504099
12.783056,15.706561,22.409067,15.289139,22.593811,6.03717564108335,-1.34769665412702
12.8125792,15.677002,22.361791,15.289139,22.632008,5.70965134261007,-1.30627153636988
12.844344,15.667148,22.323971,15.326542,22.651107,5.41272867538992,-1.37815446116628
12.8791856,15.608029,22.342881,15.242385,22.670205,5.48369904622657,-1.07662549532807
12.9167616,15.588323,22.380701,15.289139,22.689303,5.34749247401277,-1.05531731214198
12.9492528,15.608029,22.427977,15.261087,22.737049,5.48217169462591,-0.9246209363987
12.9803024,15.647442,22.305061,15.354595,22.651107,5.22271095749298,-1.41614332579697
13.0230048,15.568617,22.314516,15.326542,22.660656,5.0773835667128,-1.20274168514826
13.0601824,15.578470,22.267241,15.335893,22.708402,4.80781580681848,-1.23636727707592
13.0902208,15.539057,22.314516,15.345244,22.641557,4.99401600790427,-1.20677191967027
13.1313584,15.529204,22.248330,15.363945,22.651107,4.69587549669698,-1.29193128742957
13.162832,15.647442,22.257786,15.391998,22.632008,5.03566172776519,-1.5639631604879
13.1962432,15.647442,22.238875,15.448103,22.660656,4.74063437197505,-1.65153546428071
13.2312016,15.637589,22.267241,15.410699,22.698852,4.79126024262928,-1.48609941656346
13.278952,15.647442,22.172690,15.466804,22.651107,4.52536937588011,-1.77775327851607
13.3063408,15.548910,22.153780,15.504207,22.717951,3.89307408225874,-1.61042086844822
13.3379168,15.529204,22.144325,15.429401,22.698852,4.07558482840256,-1.47753760656836
13.376808,15.568617,22.115959,15.466804,22.813443,3.67667597978714,-1.5082343175167
13.4068,15.588323,22.125414,15.466804,22.784795,3.84144203213491,-1.56675018248756
13.4365584,15.529204,22.144325,15.438752,22.842090,3.64325637231557,-1.31853611589423
13.4780256,15.519351,22.134870,15.429401,22.851639,3.58720515289584,-1.2842693267958
13.50916,15.489791,22.115959,15.429401,22.851639,3.44778301215419,-1.25481092456024
13.5388624,15.460232,22.144325,15.448103,22.908934,3.22967633354297,-1.13074241919357
13.5730064,15.479938,22.134870,15.438752,22.880287,3.36646025820302,-1.19573597115454
13.6202032,15.479938,22.106504,15.532260,22.775246,3.31738803166635,-1.52545719756981
13.663008,15.548910,22.059229,15.522909,22.775246,3.40627655838832,-1.68938873014714
13.7176416,15.519351,22.030864,15.597715,22.717951,3.18995489855995,-1.87508611514955
13.753832,15.519351,21.945768,15.616417,22.708402,2.91853897512666,-2.02505178806647
13.7825072,15.548910,21.983588,15.635119,22.727500,3.00632240049301,-2.040227238647
13.8265808,15.539057,22.106504,15.709925,22.651107,3.33636831940259,-2.09767141055276
13.8642096,15.677002,21.926858,15.756679,22.632008,3.13839407445874,-2.6691473103586
13.9094448,15.647442,21.851217,15.784731,22.622459,2.78301156427037,-2.77233813272209
13.962976,15.686855,21.813397,15.850187,22.603361,2.65704896680973,-3.02753105295079
13.9965936,15.677002,21.851217,15.822135,22.555615,2.95129779610568,-2.97332775352925
14.0291888,15.677002,21.879583,15.850187,22.546066,2.9809041688758,-2.99915317482478
14.0714832,15.667148,21.832307,15.840836,22.507869,2.9502531470454,-3.07203653100053
14.0992816,15.696708,21.870128,15.756679,22.679754,2.89723690650032,-2.71495938612995
14.1314528,15.608029,21.851217,15.747328,22.737049,2.45189838528126,-2.49475829851943
14.1630096,15.568617,21.785032,15.737977,22.670205,2.36086240176084,-2.57389050554094
14.2100128,15.578470,21.860672,15.747328,22.746598,2.36694393438088,-2.41908721410651
14.2401328,15.529204,21.955223,15.681873,22.803893,2.52072236974786,-2.02882348465727
14.269976,15.499645,21.964678,15.728627,22.861189,2.17044970316466,-1.97698215375571
14.315,15.548910,21.860672,15.709925,22.822992,2.17189296701875,-2.2063663820792
14.3452032,15.489791,21.983588,15.681873,22.851639,2.35463169708078,-1.86536949128461
14.3727312,15.539057,22.002499,15.635119,22.861189,2.6559087432411,-1.83481488836834
14.4080048,15.499645,22.011954,15.569663,22.822992,2.8613214413704,-1.68435365956096
14.444056,15.529204,21.993043,15.532260,22.832541,2.970598879597,-1.68194574859124
14.4752992,15.450379,21.974133,15.466804,22.813443,2.92711448711619,-1.47212755614213
14.5055264,15.420819,22.040319,15.504207,22.851639,2.81944458256861,-1.3578871894966
14.5480224,15.470085,22.115959,15.504207,22.832541,3.23364641934126,-1.37622901566493
14.5978528,15.529204,22.097049,15.513558,22.889836,3.16137362999419,-1.45082841463153
14.629112,15.470085,22.125414,15.485506,22.861189,3.23279389868137,-1.296318293749
14.6815168,15.440526,22.125414,15.476155,22.918484,3.01241384566434,-1.15703311920927
14.7102784,15.391260,22.191600,15.401349,22.975779,3.11053011489154,-0.785343186979524
14.740512,15.371553,22.172690,15.354595,22.985328,3.10424065310152,-0.678007777174447
14.7867856,15.253315,22.314516,15.261087,23.080820,3.16662234460133,-0.0109147345632792
14.8217312,15.243462,22.418522,15.195631,23.157213,3.40668088744178,0.341676403253775
14.851488,15.243462,22.399612,15.092772,23.224057,3.45400879380743,0.584399316680351
14.902976,15.174490,22.437432,15.083422,23.204959,3.44479157326959,0.748174134606341
14.9343824,15.184343,22.475252,15.046018,23.243156,3.5796591071853,0.888883645525144
14.9768032,15.154784,22.361791,15.074071,23.233607,3.11551574748346,0.744383787387701
15.0180256,15.164637,22.371246,15.036668,23.233607,3.27694262328423,0.805548124796562
