0.0404304,14.528273,22.182145,12.804213,26.308443,-5.49935232328546,-4.7326765549066
0.0715072,14.557830,22.286151,12.766798,26.365738,-5.16155373713122,-4.54310458930001
0.1123872,14.449456,22.314516,12.822921,26.394385,-5.63066476562888,-4.38117393948475
0.1523424,14.429751,22.276696,12.691967,26.365738,-5.35900959623183,-4.16232352749197
0.1840352,14.380490,22.333426,12.720029,26.375287,-5.44109281455142,-4.05003052920253
0.2250672,14.350934,22.465797,12.682614,26.499426,-5.37829427012878,-3.64583803387306
0.2750384,14.370638,22.427977,12.607783,26.461230,-5.11909739146229,-3.6203620161049
0.3062864,14.350934,22.409067,12.589075,26.375287,-4.94255527310586,-3.65809710744465
0.341424,14.410047,22.645443,12.654552,26.566270,-4.78616989664409,-3.4435543988463
0.3790272,14.419899,22.560348,12.645198,26.480328,-4.74289683047767,-3.6263296120987
0.4126352,14.350934,22.484707,12.589075,26.451680,-4.93207529985849,-3.49556803886973
0.4441712,14.272116,22.399612,12.495537,26.308443,-4.75647307099719,-3.40466936541719
0.4850048,14.183447,22.541438,12.458122,26.499426,-5.02700846376297,-2.80395810305056
0.5126528,14.350934,22.730539,12.476830,26.652213,-4.45693444676929,-2.80485577963331
0.543648,14.331229,22.692719,12.514245,26.575820,-4.51706334046685,-2.95966958715306
0.5862112,14.252412,22.683264,12.439414,26.575820,-4.56800047220927,-2.67111890799018
0.6140336,14.203151,22.654899,12.420707,26.461230,-4.42537306823532,-2.68965497911711
0.6450704,14.203151,22.721084,12.383291,26.566270,-4.41927972953649,-2.43587714587361
0.6749232,14.104629,22.825090,12.336522,26.652213,-4.51195419885312,-1.95254134133295
0.7250784,14.094777,22.891275,12.252338,26.652213,-4.11324143859928,-1.69916709950984
0.7562416,14.055368,22.910186,12.205569,26.623566,-3.96329938563241,-1.54010121173341
0.7876704,14.055368,22.919641,12.186861,26.843197,-4.49396193189258,-1.26532407535429
0.8326944,13.986403,23.004736,12.168153,26.862295,-4.44786517416505,-0.98527218770333
0.8786528,13.937142,23.023646,12.037200,26.890943,-4.25273958917585,-0.580956188102647
0.908592,13.887881,23.146562,11.953016,27.015082,-4.14835210922917,-0.0639824187507116
0.9602016,13.868177,23.193838,12.018492,26.995984,-4.19652039476055,-0.125808892439437
0.9916128,13.828768,23.004736,11.981077,26.948238,-4.62915904946648,-0.215818122629472
1.0214464,13.818916,22.995281,12.018492,27.053279,-5.08094566804175,-0.17258438540523
1.0626736,13.809064,23.080377,12.102677,27.043730,-5.06651797451727,-0.242457452105825
1.0938336,13.789359,22.966916,12.065261,27.024631,-5.30138825582339,-0.265062390840512
1.1240288,13.838620,22.881820,12.121384,26.938689,-5.32434400030254,-0.649465376498902
1.1560736,13.809064,22.881820,12.140092,26.948238,-5.48963051274164,-0.618163470229121
1.1937296,13.809064,22.844000,12.186861,27.024631,-5.94133337173152,-0.670893252577493
1.2249824,13.828768,22.891275,12.196215,27.024631,-5.76970867774195,-0.679604691632214
1.2562624,13.858325,22.834545,12.233630,26.948238,-5.74224249635983,-0.948975186580341
1.3151328,13.907586,22.768359,12.327168,26.957787,-6.07623884955895,-1.28865782514276
1.3464512,13.917438,22.711629,12.383291,26.833648,-6.02716512214828,-1.60627086581902
1.3775712,13.956847,22.692719,12.336522,26.919590,-6.07462303378624,-1.52200858036213
1.417664,13.868177,22.654899,12.355230,26.929139,-6.52620111652306,-1.41393123252782
1.448864,13.858325,22.683264,12.383291,26.986434,-6.70604916053656,-1.36070488432869
1.4826656,13.946994,22.617078,12.364584,26.852746,-6.220260727754,-1.70631194519981
1.5327088,13.956847,22.617078,12.439414,26.814549,-6.29207947627979,-1.91240658629891
1.5703504,13.996255,22.683264,12.476830,26.995984,-6.58146253905498,-1.80427120439226
1.6016144,13.966699,22.617078,12.401999,26.919590,-6.44905272251673,-1.74860139480574
1.6364208,14.006107,22.607623,12.430060,26.843197,-6.22760073124533,-1.97049521620393
1.674104,13.986403,22.531983,12.411353,26.852746,-6.48428650018024,-1.96445706368955
1.70504,13.946994,22.635988,12.430060,26.948238,-6.60719666083524,-1.71538321501003
1.7352336,13.946994,22.730539,12.401999,27.167869,-6.85277977555936,-1.33437880889166
1.786368,13.838620,22.730539,12.336522,27.167869,-6.99363058990798,-0.993390589325671
1.816376,13.700690,22.664354,12.140092,27.072377,-6.79692700999675,-0.499588702491046
1.8462848,13.661281,22.768359,12.037200,27.206066,-6.68994116014729,0.0274301365961875
1.8864112,13.592316,22.891275,11.999785,27.301557,-6.68982835977564,0.461934514705469
1.9189792,13.651429,23.004736,12.018492,27.425697,-6.57189302502512,0.547905868969011
1.9526864,13.651429,23.004736,11.981077,27.435246,-6.49549239350687,0.63187253636989
1.9939184,13.631725,22.985826,11.943662,27.311107,-6.16540964767868,0.600839317812834
2.0302272,13.651429,22.976371,11.924954,27.292008,-6.03096924316836,0.569919176562316
2.0626688,13.621872,22.985826,11.887539,27.416148,-6.32915023972888,0.838547328853352
2.0903296,13.552907,23.108742,11.906246,27.406598,-6.19512160030912,1.05301413766578
2.1540464,13.543055,23.089832,11.756585,27.349303,-5.70926559858226,1.29541852258333
2.1811616,13.513498,23.269478,11.747231,27.473443,-5.58406354482702,1.6775666836042
2.2150592,13.523351,23.288388,11.672401,27.473443,-5.29300674981685,1.82665106295203
2.2626304,13.533203,23.269478,11.691108,27.368402,-5.08083919219842,1.64571727668634
2.2926112,13.533203,23.335664,11.709816,27.454344,-5.17589424435319,1.75995428184575
2.3240592,13.503646,23.430214,11.644339,27.482992,-4.88364476887226,2.07285461309171
2.3840544,13.395272,23.411304,11.597570,27.511639,-5.20691790097335,2.39441450066523
2.4152896,13.385420,23.638226,11.475971,27.654877,-4.63074097920393,3.02325228357126
2.446432,13.306603,23.534220,11.391786,27.597582,-4.77439992228083,3.19502609765308
2.497464,13.198229,23.515310,11.354371,27.588033,-5.01837402344379,3.46334692718261
2.5276736,13.257342,23.515310,11.223417,27.540287,-4.34686082437249,3.56304849221986
2.5702272,13.227785,23.657136,11.279540,27.521189,-4.12036462887822,3.62877645391301
2.618952,13.326307,23.676046,11.401140,27.588033,-4.30061940626886,3.26550308154927
2.6502208,13.424829,23.458580,11.504032,27.416148,-4.4573184085937,2.47575683440172
2.6802624,13.346011,23.524765,11.504032,27.482992,-4.67998815949288,2.76623768082057
2.7302048,13.454385,23.477490,11.597570,27.444795,-4.65432555403678,2.2747673356692
2.7627104,13.464238,23.486945,11.541447,27.416148,-4.36267124590855,2.34891051620141
2.8041488,13.483942,23.392394,11.597570,27.330205,-4.49917078653795,2.01713697876765
2.8425568,13.483942,23.458580,11.634986,27.272910,-4.24993757643307,1.95072429132886
2.8726848,13.562759,23.505855,11.737878,27.292008,-4.21997822676754,1.65245107523124
2.9040096,13.582464,23.458580,11.756585,27.196516,-4.08743687163532,1.43311258381351
2.9376768,13.552907,23.439670,11.747231,27.139221,-4.04382292673884,1.43469576712256
2.9764096,13.592316,23.316754,11.765939,27.129672,-4.31377822029495,1.18533609724993
3.0064,13.631725,23.316754,11.924954,27.110574,-4.58676377488803,0.769941829678785
3.0377216,13.582464,23.373484,11.915600,27.072377,-4.43305168121252,0.905443103127936
3.0877488,13.690838,23.335664,11.971723,27.043730,-4.30293500542876,0.510909496511346
3.1188544,13.680985,23.174928,12.093323,26.843197,-4.58338989172476,-0.0785677681217649
3.1491072,13.740099,23.118197,12.065261,26.747705,-4.23259643528747,-0.29628179640121
3.1886432,13.759803,23.089832,12.196215,26.661762,-4.38339563291552,-0.712669159107506
3.2214016,13.818916,23.174928,12.233630,26.633115,-3.98527647014054,-0.845155394413091
3.2503216,13.887881,23.165472,12.383291,26.623566,-4.20067532526151,-1.29501156375802
3.2938736,13.927290,23.023646,12.420707,26.470779,-4.17966367183961,-1.75210405299169
3.3316208,14.006107,23.014191,12.561014,26.432582,-4.26043993270471,-2.23067945807568
3.3627376,14.035664,23.004736,12.523599,26.556721,-4.44203832921845,-2.09531056457298
3.3964416,14.035664,22.881820,12.495537,26.394385,-4.27329545361502,-2.33969987012163
3.4527616,14.006107,22.815635,12.532952,26.365738,-4.57858041087107,-2.45501853600538
3.4852528,14.015960,22.910186,12.523599,26.585369,-4.85546709831479,-2.12579132054432
3.5190672,13.996255,22.938551,12.532952,26.489877,-4.59160416788061,-2.17589627969296
3.5551424,13.907586,22.834545,12.476830,26.566270,-5.21347801623772,-1.9214436091039
3.5877392,13.937142,22.853455,12.476830,26.547172,-5.01798953933255,-1.97958156566663
3.6176976,13.907586,22.891275,12.486183,26.766803,-5.62642991618806,-1.67120986144283
3.6576304,13.858325,22.853455,12.420707,26.795451,-5.78111902581487,-1.45580182931805
3.6890832,13.828768,22.796725,12.364584,26.757254,-5.77518652787926,-1.38605805126054
3.718776,13.779507,22.919641,12.364584,26.833648,-5.7688920617074,-1.08220519990354
3.75,13.749951,22.995281,12.317815,26.967336,-5.8727020669506,-0.715929033982725
3.7913952,13.720394,22.985826,12.261692,27.053279,-6.06960057276439,-0.468414242726915
3.8242,13.651429,22.919641,12.261692,26.919590,-6.10014617883557,-0.537390249933239
3.8738608,13.749951,22.929096,12.242984,26.910041,-5.70335748428622,-0.695370685094019
3.9126176,13.700690,23.127652,12.233630,27.072377,-5.68579785579714,-0.209550254459963
3.9441024,13.651429,23.080377,12.233630,27.129672,-6.12710042307787,-0.102003342553907
3.9740384,13.651429,23.089832,12.149446,27.158320,-5.94661498511457,0.103390824811733
4.0177344,13.572611,23.099287,12.046554,27.186967,-5.94651323259641,0.502853492269153
4.0504304,13.513498,23.156017,11.924954,27.263361,-5.82887730027501,0.997731764391425
4.0854896,13.483942,23.203293,11.868831,27.387500,-5.96415015886794,1.34127762915559
4.1216752,13.503646,23.260023,11.728524,27.397049,-5.3783041421947,1.64912974365318
4.1562656,13.523351,23.354574,11.719170,27.358852,-4.911186228128,1.68463383884929
4.1862992,13.493794,23.335664,11.700462,27.397049,-5.10735028815513,1.80064740393343
4.21764,13.395272,23.382939,11.663047,27.358852,-5.04858089773869,2.08291774504757
4.2690704,13.365716,23.468035,11.447909,27.578484,-4.89782791270713,2.87800147346228
4.2991328,13.277046,23.505855,11.475971,27.731270,-5.54724190071103,3.18743296388686
4.3302208,13.247490,23.505855,11.419848,27.807664,-5.69006335692602,3.43545937783949
4.374216,13.168672,23.572041,11.354371,27.826762,-5.5993109576178,3.81125497173652
4.422792,13.178524,23.553130,11.288894,27.855410,-5.52427875470323,3.93386361028729
4.4515456,13.148968,23.600406,11.223417,27.826762,-5.21176965178896,4.1456074633825
4.5014736,13.030742,23.666591,11.157941,27.845861,-5.23650711071798,4.60358101150116
4.54164,12.981481,23.827328,11.101818,27.950902,-5.04402932196052,5.07434110278012
4.5728128,12.981481,23.865148,11.036341,28.084590,-5.12170380096318,5.37188243468915
4.624352,12.902663,23.959699,10.989572,28.046393,-4.8403718702026,5.68339338941146
4.6563616,12.813994,24.044794,10.980218,28.151434,-5.11565540219469,6.06450134885333
4.6900432,12.774585,24.063704,10.886680,28.218279,-5.10201752473209,6.41927617403942
4.7363632,12.705620,23.921878,10.867972,28.246926,-5.75008506755469,6.49481605356091
4.7677824,12.754880,23.959699,10.811849,28.170533,-5.12628414443937,6.47289182503881
4.7977792,12.685915,24.092070,10.877326,28.332869,-5.56984332139974,6.75539647610476
4.8478064,12.715472,24.110980,10.858618,28.495205,-5.82281376698867,6.90120473672668
4.8788272,12.597246,24.035339,10.746372,28.361516,-5.71568865961744,7.18529980451276
4.9089088,12.607098,24.158255,10.699603,28.351967,-5.16860590558371,7.36717545205927
4.9439792,12.547985,24.196075,10.643480,28.466557,-5.39305462957383,7.74789752758388
4.9801184,12.498724,24.252806,10.587357,28.485656,-5.26864384673701,8.03760960877238
5.0216592,12.459315,24.252806,10.587357,28.542951,-5.54313156231098,8.17245277968033
5.0565888,12.518428,24.262261,10.606065,28.609795,-5.57751595927246,8.0794863970774
5.09264,12.518428,24.233896,10.652834,28.542951,-5.60557257659024,7.89483417813634
5.1339696,12.488872,24.158255,10.587357,28.476107,-5.54986157611472,7.96279727103065
5.1638176,12.459315,24.101525,10.596711,28.485656,-5.85708326535594,7.96178573925314
5.2214912,12.469167,24.148800,10.568650,28.562049,-5.82189673259767,8.1133468991693
5.2563104,12.587393,24.214986,10.643480,28.590697,-5.56426191956061,7.79700085148789
5.2877808,12.577541,24.110980,10.699603,28.428361,-5.60619082757217,7.45565437127797
5.331256,12.587393,24.110980,10.634127,28.189631,-4.73302722509634,7.35075109657996
5.3788944,12.577541,24.252806,10.652834,28.304221,-4.71548290433254,7.56949358194372
5.4190608,12.666211,24.366267,10.699603,28.600246,-5.07107269103057,7.66385567977829
5.458848,12.587393,24.016429,10.680896,28.170533,-5.08911165060331,7.14729272711313
5.4891456,12.636654,24.101525,10.699603,28.361516,-5.27501331031409,7.26197409101767
5.5252224,12.656359,24.233896,10.671542,28.504754,-5.14668046293773,7.53364301023242
5.5602144,12.695767,24.092070,10.755726,28.514303,-5.70577029597493,7.15516244799906
5.591592,12.607098,24.016429,10.774434,28.485656,-6.16242164290188,7.20393957227871
5.6216784,12.597246,24.063704,10.652834,28.495205,-5.7429504392336,7.53013168306889
5.656368,12.577541,24.054249,10.727665,28.514303,-6.08811047371351,7.42417007234552
5.6938144,12.538132,23.988064,10.774434,28.523852,-6.55525597522406,7.35652624925824
5.7288656,12.518428,23.997519,10.755726,28.590697,-6.71792776652443,7.50698060220947
5.77912,12.567689,23.931333,10.793142,28.514303,-6.66090063494595,7.19470484410201
5.8162624,12.518428,23.950243,10.708957,28.466557,-6.38737853042369,7.4461905749971
5.8552016,12.479019,24.054249,10.774434,28.523852,-6.53432593615208,7.54079726784196
5.89388,12.636654,24.054249,10.867972,28.638443,-6.63989980091543,7.1248375426384
5.9262128,12.616950,23.874603,10.839911,28.332869,-6.31201944392676,6.77335124428438
5.9599184,12.676063,23.865148,10.886680,28.275574,-6.1359370325503,6.49099718615524
6.000072,12.735176,23.997519,10.896034,28.409262,-5.96503333729573,6.59790760708923
6.04048,12.784437,23.978609,10.998926,28.285123,-5.81726092953249,6.1502137378762
6.070336,12.764733,23.836783,10.989572,28.113238,-5.79339403899938,5.9148741633658
6.101552,12.764733,23.884058,10.998926,28.084590,-5.60044646082184,5.91314663209105
6.1425072,12.843550,23.950243,10.998926,28.141885,-5.3318363006064,5.8670888899513
6.1724288,12.843550,24.016429,11.101818,28.103689,-5.31608097891269,5.68185698514916
6.203712,12.863254,23.997519,11.139233,27.998648,-5.12704144675575,5.44737835395034
6.2349952,12.892811,23.855693,11.214064,27.759918,-5.00308497177302,4.87044527045201
6.2741008,12.961776,23.874603,11.382432,27.635779,-4.86743170648794,4.28349005645124
6.3050928,12.981481,23.836783,11.410494,27.568934,-4.81307578057667,4.08488192229085
6.3390608,13.139116,23.827328,11.606924,27.492541,-4.71120835616818,3.28232170647006
6.3761664,13.119411,23.751687,11.672401,27.406598,-4.9339126387683,3.03181205139528
6.4276176,13.070150,23.676046,11.644339,27.292008,-4.90538565383932,3.00164719172614
6.4588736,13.089855,23.628771,11.681755,27.387500,-5.35510865709116,2.93329143717751
6.5001648,13.129263,23.789507,11.644339,27.339754,-4.53114909873105,3.04019664509821
6.5327168,13.227785,23.685501,11.775293,27.263361,-4.69849743135139,2.39941864750972
6.560168,13.217933,23.628771,11.812708,27.244262,-4.94450872079679,2.26889727712398
6.5962576,13.237637,23.609861,11.737878,27.349303,-5.02580413246633,2.46511761473258
6.6515568,13.188376,23.543675,11.775293,27.349303,-5.46865045011319,2.42358096529664
6.6851488,13.168672,23.505855,11.775293,27.339754,-5.61174008308717,2.41645432555925
6.71636,13.178524,23.524765,11.775293,27.339754,-5.52696425411377,2.41529389215552
6.754176,13.198229,23.496400,11.868831,27.377951,-5.91605505015781,2.19691858950276
6.7854944,13.277046,23.477490,11.850123,27.339754,-5.58276422597365,2.01943302434665
6.816504,13.316455,23.486945,11.822062,27.301557,-5.25609332451553,1.96807646871432
6.8663696,13.208081,23.590951,11.803354,27.253811,-5.08507333380407,2.27956610527762
6.8962992,13.247490,23.628771,11.765939,27.244262,-4.72818567630066,2.303558270515
6.927824,13.227785,23.657136,11.747231,27.377951,-5.02111452837021,2.54102578364665
6.96768,13.139116,23.817872,11.775293,27.368402,-4.86116211600833,2.81177745983505
6.9991616,13.119411,23.798962,11.663047,27.282459,-4.42518893783463,2.97534211286557
7.0303904,13.030742,23.836783,11.560155,27.444795,-4.73925267933564,3.55943009942861
7.0626368,13.030742,23.912423,11.522740,27.530738,-4.65204713711643,3.7924178036886
7.1000448,12.971628,23.978609,11.457263,27.597582,-4.63512914825454,4.17434227235686
7.1316864,12.971628,24.139345,11.316956,27.874508,-4.54333606774709,4.87917930170617
7.1689264,12.902663,24.375722,11.251479,28.055943,-4.37603954271509,5.54795663346102
7.21404,12.774585,24.356812,11.111172,28.103689,-4.5483792199076,6.12383742767027
7.2490064,12.587393,24.318991,11.008279,28.189631,-5.15905499419489,6.76610597720372
7.2955136,12.222863,24.687739,11.073756,28.638443,-6.55616288080132,8.13433383816344
7.3465056,11.720401,24.725559,11.073756,28.934467,-8.72764454502888,9.47987665600749
7.3763136,11.395279,24.706649,11.139233,29.431025,-11.2574309745187,10.4452602310601
7.4077072,11.208088,24.621554,11.167294,29.898934,-13.3837566227234,11.1120178256908
7.4605504,10.666218,23.817872,11.326309,30.710615,-20.0093101198585,11.9277606488985
7.4982944,10.321392,23.250568,11.466617,31.254918,-24.604150155056,12.3435407791576
7.5515792,10.114496,22.333426,11.634986,31.379057,-28.954315554509,11.7424580822452
7.5990656,9.897748,21.387919,11.990431,30.557828,-31.6649745925324,9.86517194695833
7.630232,9.375582,18.579762,12.112030,25.783238,-31.3200980416513,3.05778494125082
7.6661648,8.863269,15.887810,12.355230,20.216066,-28.1762228383391,-6.94055673322441
7.7115024,8.823860,11.451106,13.458981,15.272347,-35.9986817217613,-26.213992084482
7.7420304,10.754888,8.375118,15.572945,10.712139,-32.7494118662687,-54.7190212688967
7.7800848,13.986403,8.212216,17.353213,10.654171,-23.6889160995316,-64.8661583556791
7.8327936,17.042286,8.614681,20.102296,11.204874,-20.1145359827051,-71.2157535218859
7.864016,24.245625,10.703670,26.587551,12.547816,-10.8732605889919,-78.9860393853412
7.9174976,28.218199,12.802240,28.921505,13.272425,-1.69325445591701,-79.1016095926045
7.9676432,36.114542,15.562005,30.010068,12.924613,21.3639496788723,-81.8950673130346
7.9963792,39.218420,15.849480,28.155820,11.629978,36.2406572881045,-84.4914628188042
8.0482576,39.911424,15.236199,27.104157,10.712139,41.722075279941,-86.9039125898696
8.0792144,40.389695,15.082879,25.849542,10.219405,47.2503224839751,-87.524166325456
8.1202784,41.072938,15.082879,25.471312,10.006853,50.2141065995909,-88.1166188688453
8.1687024,38.886559,13.664667,24.687178,9.572088,46.9788521363619,-89.5146242378663
8.200256,37.803130,13.377191,24.475000,9.446489,45.2665047709094,-89.3959595375356
8.2303216,37.461508,13.233454,24.410424,9.398181,44.6230489947207,-89.4812218526752
8.2732832,36.700180,12.284785,24.438100,9.340213,41.1388301493528,-90.9703679260055
8.3016688,35.997415,11.010310,25.379061,9.620395,33.0618152758572,-93.1854833791688
8.3328096,36.368318,10.828242,25.535888,9.427166,33.596525556152,-94.3333836887225
8.3676688,36.104782,10.147884,25.286810,8.934431,33.7281291510237,-96.4795538207611
8.402688,34.103854,8.959652,24.548801,8.557635,29.661097797565,-98.1092719858662
8.4341408,33.898881,9.065059,24.189021,8.383728,31.1426140217008,-97.8764499736476
8.4639792,33.976966,9.026729,24.161346,8.441697,31.1421138769133,-97.8660229537322
8.5052176,34.650449,9.410030,25.268360,8.982739,28.4788223833881,-96.9943141063534
8.5476496,35.743639,10.061641,26.320023,9.543103,27.7161241913316,-95.8118040431117
8.5765264,35.724117,10.828242,27.353235,10.596202,23.4011711277617,-92.7371453710629
8.6242256,35.402017,11.240290,27.786816,11.185551,20.7553654216018,-90.8217408248267
8.6590688,34.611406,11.834406,27.168733,11.320811,21.6403403497622,-88.386146769714
8.6888608,33.469414,11.719416,26.301572,11.175889,21.5556242598177,-87.3968676745112
8.7277472,32.024841,11.451106,25.489762,11.108259,19.9560248887497,-86.3090861778618
8.7605808,30.590030,11.278620,24.613377,10.886046,19.1829197629804,-85.2256759134835
8.791624,29.213782,11.470271,23.718541,11.001983,18.4821895650646,-82.5947739336827
8.822816,28.042507,11.834406,23.118908,11.427087,16.8677433639423,-79.2806053921028
8.8626816,26.793148,12.639338,22.657653,11.871514,15.7127907564597,-74.9848066388235
8.8939296,25.065518,15.485345,21.772042,12.914951,18.2333555012339,-64.4799278090398
8.9240704,23.035308,17.426243,20.489751,13.803805,19.2231067074667,-55.2935216531363
8.9576128,20.722041,19.837287,19.511889,15.195055,18.1939473107885,-44.4223266892022
9.0164352,18.076912,22.985826,17.879044,16.257815,21.2994711370848,-31.5598664741663
9.0478192,16.912501,23.978609,17.789801,15.823050,22.5096239654998,-28.7412560392585
9.0925296,15.838613,24.545913,16.742172,15.571852,25.3942005156994,-24.7250014688996
9.1289024,15.336152,25.897988,15.675837,15.562190,31.2217593354946,-20.1086963677856
9.1614384,14.932213,26.446383,15.226853,15.639482,32.8624484436855,-17.7238081715129
9.218952,14.518421,27.155513,14.927531,16.074248,33.1520450121478,-14.9224351938373
9.2603824,13.700690,28.876336,14.431778,17.332213,32.8501469345216,-8.82468778863177
9.2939184,13.306603,28.630504,13.720888,18.525861,29.6404146843145,-5.61138952009599
9.3417312,12.577541,28.365762,12.813567,19.261148,27.6553901315047,-1.8280502093819
9.3717072,11.887888,28.668325,11.578863,21.285574,24.0410495704909,4.58262226611197
9.4052384,11.503653,28.781786,10.830557,23.166762,19.6868035707772,8.90454277864173
9.4351616,10.823853,28.384672,10.110313,24.866516,13.7094709187359,13.1174098888331
9.47416,9.897748,28.318487,8.959792,26.356189,9.8990146629228,18.9848850925313
9.5063056,8.833712,28.866881,7.865395,28.504754,5.24856316844829,26.053951684008
9.54636,7.434702,29.831299,6.555860,30.739262,1.27527428944796,34.6744610317238
9.5864656,5.917466,30.691710,4.713157,33.451230,-3.14313514466681,45.0411544016371
9.6191856,5.217962,31.098278,4.067743,34.205615,-4.32079979868415,49.0722555925736
9.6602752,4.725353,31.240104,3.852606,34.759467,-6.3233436424439,51.2314014406303
9.7074448,4.961805,31.211739,3.946144,35.150984,-7.04922966642073,50.473331852063
9.738776,5.533231,31.363020,4.301589,35.026844,-5.54826122362858,48.0386242432141
9.7816128,5.749979,31.107733,4.479312,34.749918,-5.38815021929047,46.8033092469902
9.8391296,5.818945,30.767351,4.610265,34.807213,-6.70491240820966,46.1700401969494
9.8718032,5.976580,30.701165,4.535435,34.644877,-5.78252916566751,45.861064350293
9.9064592,5.956875,30.606614,4.563496,34.482541,-5.7486824359077,45.7320101377063
9.9525408,5.996284,30.861901,4.554142,34.339303,-4.45698971149516,45.7010617510338
9.9838928,5.868206,30.965907,4.572850,34.444344,-4.87126720928307,46.0715463610101
10.015096,5.947023,31.003728,4.526081,34.243811,-3.84144564879579,45.9208891607128
10.0644896,6.094806,30.597159,4.778634,34.024180,-4.69355013252219,44.6174978204817
10.0951536,6.567710,30.275687,5.236971,33.556270,-4.22134155893255,41.8719408872304
10.1289936,6.853424,30.020400,5.611124,33.298443,-4.45593157030947,39.9555914541627
10.1764032,7.050467,29.821843,5.975923,33.059713,-4.81027138607565,38.329553618132
10.2064848,7.375589,29.462551,6.312661,32.601352,-4.57302193033047,36.2570097266396
10.2551104,7.661303,29.424730,6.499737,32.715943,-4.68286919806542,35.1409838052149
10.2991776,7.651450,29.150533,6.583922,32.458115,-5.03449295943959,34.6621711704848
10.3301072,7.651450,28.942522,6.499737,32.467664,-5.4405644702425,34.7561142875216
10.360496,7.631746,28.829061,6.546506,32.544057,-6.17599769154255,34.6687846085323
10.4114656,7.661303,28.819606,6.621337,32.582254,-6.42856203148418,34.4295805564356
10.4465088,7.661303,28.800696,6.686814,32.582254,-6.66501829283181,34.2589095100057
10.4937856,7.641598,28.668325,6.827121,32.515410,-7.31879650630398,33.85055118639
10.5354832,7.749972,28.526499,6.855182,32.582254,-7.67878498867244,33.4750909057424
10.5756288,7.700711,28.507588,6.883244,32.448566,-7.5922305660797,33.4378875366538
10.6054096,7.700711,28.441403,6.920659,32.572705,-8.23282927649765,33.3806034955442
10.6478928,7.769677,28.441403,6.948721,32.649098,-8.31223876177991,33.1896165141777
10.6778656,7.769677,28.706145,6.827121,32.658648,-7.21889109034862,33.6435807883242
10.7092352,7.710564,28.847971,6.714875,32.419918,-6.00884805789783,34.0044657928371
10.7543136,7.681007,29.093803,6.649398,32.362623,-5.03120180817727,34.3439769376555
10.7892928,7.759824,29.282904,6.658752,32.400820,-4.37779284170212,34.2585328997083
10.8203392,7.789381,29.122168,6.630691,31.971107,-3.4861809800048,33.9171061183964
10.8577264,7.897755,29.207264,6.705521,31.856516,-2.80901692895741,33.453519182053
10.8918016,7.947016,29.566557,6.855182,32.152541,-2.86753528404857,33.3520379167993
10.9230768,8.124355,29.282904,6.948721,31.665533,-2.07753865642366,32.2496850772623
10.9530816,8.213025,28.989797,7.032905,31.417254,-2.20973583685057,31.5085281428219
11.0039152,8.006129,28.876336,6.883244,31.617787,-3.28865734362821,32.4226911080875
11.0352384,8.104651,28.838516,6.920659,31.732377,-3.53706312746107,32.1394131784758
11.0656256,8.252434,28.819606,6.836475,32.142992,-4.0701451117616,32.2200481390039
11.1078496,8.222877,28.753420,6.799059,32.200287,-4.40504270007089,32.3758594899648
11.1626752,8.350955,28.583229,6.920659,31.999754,-4.30915203499706,31.5534521011555
11.2029856,8.410068,28.564319,6.986136,31.866066,-4.00170046440767,31.1618722525036
11.238784,8.370660,28.488678,6.911305,31.827869,-4.0236665688973,31.3667430465444
11.2703008,8.508590,28.488678,6.967428,31.846967,-3.82944771171946,30.9127211220805
11.3015952,8.498738,28.413038,7.060967,31.808770,-4.23386139911102,30.6424209065254
11.3454928,8.538147,28.460313,7.023551,31.875615,-4.06198206620877,30.7080511256037
11.3802864,8.400216,28.517043,6.967428,32.066598,-4.67403517650331,31.3236130461299
11.4115488,8.410068,28.431948,7.042259,31.942459,-4.75799494654529,30.9932074735164
11.458056,8.419921,28.413038,6.911305,31.942459,-4.42063300327832,31.2720643450329
11.4929168,8.498738,28.422493,6.920659,32.114344,-4.66510739501509,31.1712706023623
11.5504112,8.518442,28.469768,6.827121,32.142992,-4.28907843541203,31.3941666614394
11.5954272,8.321399,28.422493,6.696167,32.238484,-4.90745792412917,32.2120484727116
11.6265072,8.301694,28.422493,6.686814,32.276680,-5.04556769602293,32.3050455186279
11.6565088,8.321399,28.384672,6.714875,32.343525,-5.36203950305736,32.2070646674134
11.697832,8.311547,28.460313,6.789706,32.391270,-5.50724085997671,32.1242271777146
11.7391712,8.301694,28.413038,6.761644,32.439016,-5.7296847863348,32.2157362202698
11.783016,8.350955,28.148296,6.911305,32.267131,-6.30482607150364,31.4743274091405
11.830416,8.419921,28.053745,7.023551,32.324426,-6.84743494599945,31.0167165391133
11.862904,8.469181,28.025380,7.023551,32.267131,-6.62800485940575,30.8462103538031
11.8916032,8.439625,28.025380,7.060967,32.286230,-6.87095873495681,30.8391491476427
11.9316048,8.479034,28.053745,7.042259,32.238484,-6.48750313329517,30.7777050463093
11.9614352,8.547999,27.997014,7.126443,32.190738,-6.5515421048998,30.3473703965132
11.9927024,8.538147,28.015925,7.135797,32.181189,-6.52421337634629,30.3543708543879
12.0251008,8.557851,28.082110,7.154505,32.171639,-6.2956678319757,30.2980168367882
12.0691824,8.587408,28.091565,7.126443,32.114344,-5.9456810301843,30.2647393787359
12.105536,8.685929,28.025380,7.070320,32.095246,-5.64291521838413,30.1106641550348
12.1380576,8.685929,27.968649,7.060967,32.142992,-5.91608741513961,30.1273324666616
12.1762144,8.735190,27.864643,7.098382,32.162090,-6.23344184834973,29.8679285631028
12.2078336,8.774599,27.789003,7.163859,32.114344,-6.3893375230573,29.5410070345871
12.2374176,8.784451,27.571536,7.201274,31.904262,-6.52865439867333,29.1567291241343
12.2741616,8.961791,27.609357,7.304166,31.885164,-6.12212316223609,28.5039681783774
12.3179088,9.060312,27.448620,7.313520,31.818320,-6.1474847161744,28.101335388393
12.349,9.139130,27.467530,7.435119,31.789672,-6.11497342781263,27.6228511959118
12.4115136,9.237652,27.543171,7.491242,31.675082,-5.44043705793806,27.2345083030698
12.4505504,9.247504,27.533716,7.509950,31.503197,-5.01547175070891,27.0473634937068
12.481744,9.277060,27.590446,7.416412,31.579590,-4.71448674920121,27.2855965363258
12.5251504,9.326321,27.666087,7.407058,31.484098,-4.05740012077812,27.1789515405102
12.5614928,9.237652,27.807913,7.229335,31.379057,-3.11253405260059,27.8291942934169
12.5942736,9.178539,27.893009,7.182566,31.417254,-3.01264142162898,28.1596383658923
12.6255264,9.208095,27.902464,7.285458,31.522295,-3.48014030636963,27.9222150558291
12.6626528,9.188391,27.760638,7.266751,31.646434,-4.24559150053792,28.0010309440006
12.6942272,9.148982,27.694452,7.304166,31.655984,-4.68564462344815,27.9687760533748
12.7255584,9.139130,27.533716,7.332227,31.713279,-5.42426809079174,27.8582399010167
12.7743392,9.139130,27.571536,7.453827,31.932910,-6.25369011609043,27.7409612846928
12.8154544,9.168686,27.420255,7.350935,31.894713,-6.22479297543888,27.7891541479379
12.8478944,9.129278,27.250064,7.397704,31.732377,-6.52706559270911,27.553048196634
12.8943616,9.099721,27.287884,7.407058,31.827869,-6.7917736681159,27.6885994010394
12.9265632,9.139130,27.287884,7.341581,32.057049,-7.12482910093756,27.9002943435782
12.9578368,9.119425,27.155513,7.472535,32.104795,-8.06595911076874,27.5832909069839
13.0105664,9.080017,26.947501,7.594134,32.219385,-9.44789508331082,27.3288160850905
13.0590224,9.139130,26.909681,7.678319,32.219385,-9.61216941055497,26.9682394322517
13.0927008,9.247504,26.843496,7.668965,32.104795,-9.14989075101133,26.6162412014721
13.1365856,9.148982,26.928591,7.697026,31.971107,-8.90287638752788,26.7484243842534
13.1712704,9.178539,26.909681,7.650257,31.961557,-8.71755100034497,26.7696733699688
13.2040848,9.306617,26.928591,7.790565,31.923361,-8.55657047792804,26.1302192061052
13.2414336,9.385434,26.938046,7.790565,31.799221,-7.95547001616895,25.8692466967028
13.2729472,9.346026,26.881316,7.790565,31.827869,-8.31996000600422,25.9418085252786
13.3032016,9.355878,26.938046,7.902811,31.761025,-8.24531755599353,25.6512580206914
13.3479696,9.346026,26.919136,7.921518,31.646434,-8.06948026624301,25.5394829188089
13.3842768,9.375582,26.881316,7.827980,31.751475,-8.12550757940545,25.7340595379031
13.4177792,9.385434,26.947501,7.781211,31.694180,-7.61466374508569,25.8259685900146
13.4507296,9.296765,26.994777,7.697026,31.799221,-7.79492530995013,26.3319914736659
13.4865408,9.257356,27.042052,7.547365,31.866066,-7.544679343859,26.8507432081385
13.516496,9.158834,27.023142,7.444473,32.076148,-8.18827467505724,27.4505120338605
13.5465168,9.227799,27.070417,7.528658,32.104795,-8.14975067813908,27.141507734752
13.5879872,9.178539,27.174423,7.425766,32.171639,-7.88860098341395,27.6106510993985
13.6278096,9.119425,27.221699,7.378996,32.257582,-8.0306310737446,27.9463246674344
13.667904,9.109573,27.193333,7.285458,32.238484,-7.83683211394425,28.1587067340806
13.746352,9.119425,27.250064,7.313520,32.400820,-8.15809051239776,28.2115976558855
13.7805376,8.942086,27.212243,7.248043,32.524959,-8.95848767231339,28.8392429861349
13.8204064,8.882973,27.212243,7.173212,32.467664,-8.77582761845841,29.119713302571
13.8515456,8.971643,27.117693,7.210628,32.553607,-9.12900201861201,28.8155884554509
13.8829184,8.942086,27.079872,7.173212,32.496311,-9.07328102397502,28.9131631168303
13.916496,8.882973,27.136603,7.191920,32.563156,-9.31307253303524,29.088020039921
13.9629408,8.942086,27.164968,7.238689,32.524959,-9.07439976004777,28.8310650939962
14.0064064,8.912530,27.127148,7.360289,32.419918,-9.32106714204078,28.5216888511753
14.041368,8.971643,27.060962,7.332227,32.429467,-9.29199551381374,28.4117631339485
14.08004,9.080017,27.079872,7.378996,32.353074,-8.83066943713549,28.0087828120698
14.1193216,9.060312,27.051507,7.435119,32.152541,-8.58104807810359,27.7733646993245
14.161488,9.040608,26.956957,7.528658,32.076148,-8.97010245934862,27.4868812569401
14.1977872,9.178539,27.060962,7.668965,32.018852,-8.47273519278915,26.8652235475627
14.2317104,9.237652,27.032597,7.687673,31.913811,-8.14584751949277,26.5943025493421
14.2730272,9.296765,26.938046,7.790565,31.866066,-8.40179265450546,26.1208004092259
14.3192192,9.346026,26.767855,8.015056,31.579590,-8.59394410679726,25.1723530388706
14.3615952,9.405139,26.597664,8.071179,31.541393,-8.97556851431262,24.7604771448646
14.4003856,9.602182,26.474748,8.211487,31.512746,-9.05743417673004,23.8749256967435
14.4417856,9.641591,26.550388,8.136656,31.608238,-8.7697116095837,24.0770371785113
14.4730272,9.631739,26.522023,8.071179,31.818320,-9.2760475373942,24.3775750660045
14.504288,9.503661,26.626029,7.940226,31.837418,-9.04472312398683,25.0605712843518
14.5554304,9.365730,26.748945,7.799918,31.932910,-8.96786633432628,25.8556324316839
14.5854912,9.237652,26.862406,7.566073,32.095246,-8.81702926032284,26.8861635861578
14.617768,9.267208,26.947501,7.547365,32.095246,-8.4235429134695,26.9175166871202
14.6564384,9.267208,27.127148,7.528658,32.142992,-7.96803985554431,27.1122419386116
14.6852656,9.296765,27.023142,7.472535,32.095246,-7.90602701480471,27.0737628803744
14.7166592,9.129278,27.032597,7.472535,32.142992,-8.5074307753444,27.5043738678885
14.7589344,9.139130,26.928591,7.463181,32.114344,-8.68537944164267,27.4156042797603
14.7863056,9.080017,27.098783,7.313520,32.200287,-8.17913139521332,28.0757801282782
14.8177216,9.080017,27.174423,7.341581,32.267131,-8.21266637964418,28.1024547336214
14.8478704,9.148982,27.174423,7.407058,32.372172,-8.47144399529692,27.854980800354
14.9089312,9.001199,27.250064,7.219981,32.257582,-7.86378860863876,28.6183169568814
14.9606048,8.833712,27.439165,7.182566,32.439016,-8.19283624483266,29.3404634334535
15.0018208,8.794303,27.514806,7.107736,32.534508,-8.14129638986199,29.7194429728225
