0.03432,11.740993,16.082405,10.527063,17.227172,-0.589404086761339,0.177901623275407
0.0654368,11.642490,16.254935,10.536415,17.303566,-0.635693662567465,0.804448129359958
0.1003648,11.731143,16.216595,10.480308,17.303566,-0.222261489554477,0.661868984659581
0.1404816,11.622789,16.091990,10.461605,17.131680,-0.383245418461814,0.489779595307343
0.1692304,11.573537,16.091990,10.414850,17.217623,-0.729409143215221,0.869059197134284
0.1992336,11.603088,16.187840,10.442903,17.246270,-0.461746453090149,0.929903501298913
0.2503776,11.573537,16.235765,10.452254,17.274918,-0.538653651776866,1.10479606216688
0.280512,11.622789,16.159085,10.452254,17.208074,-0.384190630915723,0.748497701292848
0.3102992,11.652340,16.091990,10.499010,17.208074,-0.713402141408858,0.44982753692754
0.3653024,11.652340,16.149500,10.489659,17.236721,-0.564611896496225,0.614204688762346
0.4015424,11.583388,16.130330,10.536415,17.188975,-0.904406562661449,0.559353941020532
0.4326304,11.642490,16.120745,10.573819,17.236721,-1.04311413542591,0.383861726917079
0.4827072,11.632639,16.130330,10.601873,17.198525,-1.00465991032595,0.29209237713841
0.5138784,11.632639,16.072820,10.639277,17.122131,-1.07720569753343,-0.0203926696861814
0.5465792,11.731143,16.044065,10.601873,17.017090,-0.248162807927161,-0.392019445600859
0.58792,11.721293,16.063235,10.667331,17.055287,-0.617350534196987,-0.433343161794408
0.6154,11.819796,16.053650,10.657980,17.026639,-0.122998083992905,-0.714922143436834
0.6551568,11.770544,16.111160,10.657980,17.036189,-0.128263007199436,-0.483310392090257
0.6905088,11.681891,16.111160,10.620575,16.997992,-0.177092198604609,-0.237376176718342
0.7278448,11.731143,16.139915,10.564468,17.093484,-0.0279523240640958,-0.0152280014581159
0.7691184,11.701592,16.111160,10.564468,17.074385,-0.17987104132186,-0.0215098832177283
0.8013952,11.672041,16.149500,10.536415,17.188975,-0.484066394125992,0.372049208533998
0.8392048,11.691741,16.159085,10.545766,17.103033,-0.0707279525588874,0.175000934241616
0.86928,11.711442,16.207010,10.508361,17.179426,0.0392568576040718,0.422746990739672
0.9004688,11.632639,16.226180,10.480308,17.160328,-0.00770259666885909,0.686432392179018
0.9438384,11.642490,16.226180,10.452254,17.103033,0.365327758813495,0.637569196435042
0.9852576,11.563687,16.283690,10.414850,17.274918,-0.244417562059256,1.29988554364824
1.012728,11.612939,16.408295,10.358743,17.322664,0.461983711314647,1.5960226069532
1.0467232,11.583388,16.350785,10.358743,17.236721,0.461738622876321,1.4371666821968
1.084176,11.386381,16.369955,10.255880,17.236721,0.174652037156836,2.21693414877957
1.1142736,11.455333,16.369955,10.209124,17.379959,0.0640107941703584,2.39224187954647
1.1492,11.415932,16.523314,10.153017,17.465902,0.389433036783669,3.01489259282432
1.196456,11.484884,16.532899,10.199773,17.523197,0.286248488904998,2.83154915909268
1.2264976,11.425782,16.456219,10.190422,17.313115,0.620581798554204,2.5444780782374
1.2578496,11.484884,16.494559,10.181071,17.360861,0.847211119146643,2.55788295108171
1.297856,11.553837,16.484974,10.143666,17.427705,0.961000635293507,2.57062219796136
1.3292432,11.445483,16.417880,10.218475,17.351311,0.287766514618094,2.4244907248971
1.359024,11.534136,16.465804,10.181071,17.332213,1.03912300059983,2.34253641436244
1.394112,11.475034,16.542484,10.209124,17.446803,0.547311495289586,2.72635988870172
1.4316672,11.475034,16.465804,10.124964,17.408607,0.730621200442001,2.75364131516239
1.4613856,11.396231,16.532899,10.087559,17.418156,0.794819740306796,3.16823624465003
1.4926864,11.396231,16.532899,10.087559,17.437254,0.719687536975424,3.19866796915882
1.5328624,11.445483,16.571239,10.096910,17.418156,1.09696665369544,3.08188127276587
1.5627232,11.455333,16.561654,10.087559,17.475451,0.909548560488453,3.15655186788195
1.596656,11.425782,16.532899,10.106261,17.427705,0.79816730223967,3.06201954114636
1.65148,11.406082,16.571239,10.162368,17.370410,0.874977028287374,2.94029816041876
1.6839344,11.484884,16.580824,10.124964,17.360861,1.40114798437558,2.83646367184265
1.7152736,11.484884,16.590409,10.153017,17.446803,0.990115252737468,2.91845030591414
1.7452544,11.494735,16.552069,10.190422,17.399057,0.920784345301587,2.66295185237353
1.7867552,11.475034,16.494559,10.106261,17.284467,1.40496699224665,2.64771633260307
1.8167728,11.484884,16.456219,10.134315,17.303566,1.10848963373615,2.52161556919784
1.8477568,11.475034,16.542484,10.153017,17.379959,1.02960819175689,2.76009322907971
1.8991072,11.543986,16.532899,10.134315,17.351311,1.44502487387177,2.57309257727763
1.9288368,11.494735,16.475389,10.190422,17.227172,1.30091035177474,2.26414188107156
1.9602,11.534136,16.552069,10.190422,17.322664,1.37286580733889,2.44224979521765
2.0013728,11.583388,16.465804,10.218475,17.370410,0.932331762972163,2.18756422751626
2.0514544,11.543986,16.437050,10.181071,17.236721,1.34234685175944,2.11782823083449
2.0891344,11.573537,16.417880,10.255880,17.169877,1.35105711643042,1.71806428153152
2.1328208,11.632639,16.408295,10.321338,17.208074,1.13404728000185,1.45455870918851
2.1627568,11.632639,16.341200,10.274582,17.150779,1.28462778219767,1.36871522378633
2.1940496,11.652340,16.302860,10.396147,17.150779,0.733750837079719,0.955601455143555
2.2279936,11.672041,16.350785,10.368094,17.103033,1.2935329973244,0.976578567172862
2.2853456,11.711442,16.322030,10.368094,17.169877,1.07159129598837,0.941191875253356
2.3167968,11.672041,16.283690,10.442903,17.112582,0.702178632416929,0.697477480076383
2.3589168,11.672041,16.283690,10.461605,17.083934,0.741252815512562,0.604371966273156
2.3978032,11.632639,16.293275,10.499010,17.141230,0.254237779875444,0.718736475328416
2.4288224,11.681891,16.149500,10.564468,17.103033,-0.219491660999827,0.137428775400149
2.4626144,11.681891,16.120745,10.583170,16.959795,0.156951426944403,-0.192745250526244
2.510184,11.642490,16.091990,10.611224,16.931148,-0.106402794272181,-0.26001811959507
2.5405152,11.691741,16.149500,10.676682,17.055287,-0.433123899927665,-0.241144292955017
2.5741104,11.711442,16.149500,10.742140,17.055287,-0.611762441715195,-0.449578497220077
2.6227424,11.750844,16.044065,10.788896,16.978893,-0.753153188203792,-0.961497316068204
2.6528256,11.731143,16.034480,10.779545,16.854754,-0.345615673542766,-1.11369145295136
2.6842112,11.780395,16.024895,10.816949,16.931148,-0.635934487312057,-1.21341796475409
2.7353392,11.740993,16.034480,10.835652,16.873852,-0.60141461006733,-1.24270684633808
2.7642336,11.760694,15.948215,10.854354,16.892951,-1.00871945020024,-1.44871338011574
2.8005136,11.691741,15.996140,10.845003,16.902500,-1.09167087613526,-1.16159494020139
2.8566576,11.721293,16.005725,10.779545,16.988443,-1.01865659944414,-0.914489538531814
2.896752,11.652340,16.044065,10.723438,16.969344,-0.84466172907586,-0.576313586929082
2.9487904,11.701592,16.063235,10.714086,16.969344,-0.54100957370304,-0.642259331340952
2.9826992,11.701592,16.120745,10.676682,16.997992,-0.282773898394956,-0.407617914531826
3.0303216,11.731143,16.168670,10.573819,17.112582,-0.0276177577412257,0.0406260557495344
3.0692912,11.721293,16.245350,10.629926,17.026639,0.348075611888696,-0.0881326167745975
3.1102656,11.672041,16.159085,10.592521,16.997992,0.0811082089756351,-0.06485012362117
3.1415488,11.740993,16.235765,10.573819,17.074385,0.419951528045517,0.0639822452442402
3.1827888,11.711442,16.207010,10.611224,17.045738,0.159840264028736,-0.0497847002276899
3.2138096,11.681891,16.168670,10.629926,16.997992,0.0100215784284224,-0.165211605924512
3.242512,11.662190,16.187840,10.517712,17.036189,0.298350977705971,0.25426870305629
3.2751056,11.681891,16.245350,10.527063,17.055287,0.48632759607483,0.308680058661999
3.33256,11.721293,16.216595,10.592521,17.017090,0.420651769172358,-0.0594727896848219
3.3663424,11.760694,16.245350,10.545766,16.950246,1.13068668212273,-0.104252174850696
3.4000672,11.780395,16.302860,10.583170,17.017090,1.01907723387769,-0.039460307757146
3.4464208,11.711442,16.283690,10.555117,17.007541,0.826459409260328,0.151418477926654
3.4763712,11.780395,16.245350,10.555117,16.931148,1.24517841099009,-0.207144201076105
3.5151696,11.701592,16.245350,10.517712,16.921598,1.12546091048299,0.0629367295852923
3.5576512,11.721293,16.226180,10.555117,16.978893,0.754588524264295,-0.0147394863613677
3.609112,11.740993,16.235765,10.555117,16.997992,0.792901043018869,-0.0158644187965749
3.6453968,11.681891,16.302860,10.536415,16.969344,1.0099957824056,0.23888968952496
3.6803888,11.731143,16.312445,10.508361,17.007541,1.19742046277445,0.265240460346334
3.7102928,11.642490,16.360370,10.517712,16.988443,1.07845620859397,0.507980003097387
3.7418,11.652340,16.331615,10.527063,17.007541,0.893461146487739,0.444773251207842
3.7927616,11.612939,16.341200,10.489659,17.093484,0.587422922888781,0.790793495264499
3.8225584,11.612939,16.322030,10.461605,17.045738,0.81103579155534,0.750729806542445
3.8554272,11.593238,16.408295,10.386796,17.064836,1.28809469164088,1.15708198610615
3.8940448,11.583388,16.475389,10.377445,17.198525,1.01999896147551,1.53073291909001
3.9251712,11.504585,16.504144,10.293284,17.188975,1.19521429037135,1.96715659591804
3.956584,11.514435,16.561654,10.321338,17.227172,1.19460101523936,2.02692191669685
3.9891776,11.475034,16.504144,10.134315,17.236721,1.51989775498938,2.51592712859695
4.0290768,11.475034,16.552069,10.199773,17.246270,1.40892964751028,2.44414850602984
4.0592336,11.425782,16.609579,10.115613,17.418156,1.09540670498804,3.14541311503838
4.0878848,11.406082,16.628749,10.087559,17.379959,1.3541123437023,3.23523929446396
4.1304048,11.337129,16.619164,10.124964,17.437254,0.677912725813299,3.39050168645631
4.1617024,11.327279,16.647919,10.068857,17.456352,0.896524183369815,3.6327087409403
4.2102848,11.258326,16.743769,10.050154,17.513648,0.848887097906873,4.09597250771011
4.2515184,11.297728,16.705429,9.947292,17.570943,1.03208128872302,4.28649084024598
4.2827088,11.189374,16.705429,10.022101,17.628238,0.0940318579279799,4.46148772995805
4.3127808,11.199224,16.762939,9.956643,17.666434,0.461887981706853,4.75239056192677
4.35552,11.140122,16.762939,9.900536,17.695082,0.340510060347179,5.09034599416529
4.3839952,11.159823,16.791694,9.891185,17.695082,0.565010763430895,5.10872039223235
4.4162848,11.199224,16.724599,9.853780,17.714180,0.529566876097212,5.02887785365558
4.4450768,11.110571,16.810864,9.853780,17.714180,0.52030860025167,5.38942097522108
4.4850752,11.031769,16.849204,9.863131,17.847869,-0.196876885266483,5.83320740046057
4.5187808,11.110571,16.810864,9.825727,17.790574,0.330666874182393,5.57956573699735
4.5463248,11.031769,16.791694,9.760269,17.790574,0.207053288270129,5.91987827688212
4.5787872,11.051469,16.877959,9.713513,17.876516,0.464672400132437,6.25480646523416
4.6287888,11.002217,16.916299,9.797673,17.952910,-0.205723894230596,6.34105774658796
4.67024,11.012068,16.791694,9.769620,17.886066,-0.28077073049915,6.09385599215172
4.7062784,10.982517,16.820449,9.741566,17.924262,-0.323565394941276,6.34503161689337
4.7513152,10.982517,16.916299,9.732215,18.000656,-0.213023252236189,6.63278085960246
4.7838928,10.884013,16.916299,9.666757,18.000656,-0.340095884205218,7.05579078566399
4.8262832,10.844612,16.925884,9.620001,17.962459,-0.12336848898563,7.23552560234611
4.864296,10.864313,16.925884,9.601299,18.086598,-0.459608456606933,7.42155851713901
4.8979152,10.775660,16.916299,9.591948,18.124795,-0.955666010142767,7.71949895181878
4.925224,10.716558,17.079243,9.629352,18.210738,-1.03117012930289,8.15065674971538
4.9755264,10.716558,17.107998,9.573246,18.277582,-0.960984321616748,8.43956736891055
5.0053888,10.647605,17.175093,9.517139,18.373074,-1.12118313223713,9.00732950811763
5.036832,10.480149,17.232603,9.376871,18.478115,-1.41298690256863,10.0543564777241
5.0891552,10.549102,17.213433,9.367520,18.459016,-1.10808814348167,9.84116750181348
5.1179168,10.391496,17.347623,9.283360,18.459016,-0.871533410948334,10.6763087928382
5.1515168,10.342245,17.385963,9.274009,18.468566,-0.914896936254681,10.901566320751
5.18928,10.381646,17.338038,9.320764,18.468566,-1.13046247234905,10.6032141136867
5.2215232,10.470299,17.280528,9.376871,18.439918,-1.11582338308409,10.0945944187962
5.250592,10.568802,17.203848,9.404925,18.353975,-0.805215566239757,9.52209143774311
5.2803392,10.578653,17.088828,9.526490,18.210738,-1.13136570941481,8.79354821849302
5.3329952,10.588503,16.935469,9.573246,18.201189,-1.83941479618093,8.40110868291
5.3628848,10.805211,16.782109,9.788322,18.000656,-1.64723062254168,6.74025799196637
5.4027872,10.972666,16.619164,10.022101,17.771475,-1.64744282205628,5.10247797520362
5.4627776,11.120422,16.331615,10.340040,17.561393,-2.61651989765258,3.13442498860385
5.4940464,11.268177,16.245350,10.452254,17.618689,-3.02994497713451,2.43542230525975
5.5278544,11.258326,16.283690,10.424201,17.695082,-3.10415815040129,2.71366129807461
5.5665184,11.130272,16.264520,10.340040,17.809672,-3.80133559271272,3.39800890212989
5.5965728,10.982517,16.369955,10.237178,18.057951,-4.52628237410211,4.5881207170165
5.645424,10.637755,16.715014,9.928589,18.420820,-4.73250808149043,7.34759883880931
5.6879296,9.692122,17.270943,9.348818,19.098811,-6.65929614354733,13.1813920558001
5.7194016,9.465564,16.367275,9.199199,19.471230,-12.1304075870271,13.4506036638831
5.749288,9.396612,16.395641,9.358169,19.671762,-13.6448442041912,13.5304378321425
5.8103232,9.367061,16.357820,9.470383,19.776803,-14.7309440218122,13.4002567735245
5.8403792,9.307958,17.385963,9.704162,19.776803,-11.6001889121784,14.3641982071205
5.8755504,9.160203,17.481813,9.694811,19.929590,-12.334342153215,15.1263442671421
5.9216768,8.844992,16.509101,9.507787,20.244713,-18.1390622602308,15.5962524888557
5.9518256,8.588883,16.698203,9.311413,20.512090,-18.6799778913089,17.473741819397
5.9830192,8.411577,16.830574,9.058932,20.731721,-18.7527099256806,19.1496706346399
6.0228016,8.096366,16.953490,8.750344,20.808115,-18.7336193305863,21.1915138596875
6.0542656,7.968312,17.170957,8.572672,21.008648,-18.4336366143979,22.6096767091856
6.0843088,7.840257,17.048041,8.338893,20.798566,-17.8866890719944,23.2503010684316
6.145776,7.761455,17.170957,8.058358,20.769918,-16.5478874397085,24.4376031567193
6.1855888,7.337890,17.766626,7.338319,21.008648,-13.9920544775928,28.9275901119342
6.2165376,6.953727,18.192104,6.767899,21.285574,-12.6917695985202,32.7219661078678
6.2593456,6.628665,18.343386,6.506066,21.552951,-13.4614043286333,35.0586758083045
6.2879664,6.441509,18.390661,6.225532,21.667541,-13.4274827655057,36.7535623046026
6.320824,6.313454,18.286655,5.954348,21.877623,-14.2036719077547,38.1833736870727
6.3504064,6.254352,18.343386,5.870188,22.039959,-14.5165181546516,38.882463129532
6.3989584,6.126298,18.069188,5.907593,21.992213,-16.2534052982406,38.8622365232496
6.4314272,6.352856,17.861177,6.169425,21.944467,-16.9939880982251,36.9683949551403
6.4805392,6.658216,17.426243,6.552822,21.829877,-18.5950406692291,34.1201368765638
6.5208256,7.426543,16.707658,7.198052,21.065943,-17.9223954596727,27.8937766523551
6.5519056,8.106217,17.299698,7.674961,20.492992,-12.0206326101393,24.3680676868094
6.6127648,9.091251,16.667089,8.404351,19.547623,-9.70110656041206,17.260963613402
6.65416,11.691741,15.334776,10.414850,17.733279,-5.25991553927407,0.177910567415982
6.6833712,12.548721,14.184578,11.321912,17.963015,-10.7203882375502,-5.62625342903278
6.716816,13.307198,13.245250,12.771341,16.735849,-12.2699148489223,-14.5342525546468
6.7653472,13.829266,12.334676,13.958937,15.479694,-13.6094958226422,-22.4166496642603
6.7958432,14.824151,11.079043,16.577261,13.025360,-15.2884116023253,-37.4571766014867
6.8292832,15.415171,10.542284,17.085684,12.300655,-14.2723148346604,-42.3641704430951
6.8668336,15.493974,10.082205,18.238824,11.875495,-18.5011031360774,-46.5742496334073
6.8978208,15.168913,9.392086,17.445464,10.551701,-15.0132382700296,-49.953128965266
6.9276864,15.168913,8.816987,17.288637,9.566103,-13.0755048947838,-54.0294679586708
6.9791136,15.838736,8.816987,18.128122,9.527452,-13.2742638179605,-56.5156355441068
7.0104944,17.013004,9.631711,20.369825,10.667654,-17.3462927435258,-56.2331418049742
7.041496,18.535661,10.254735,21.670566,10.677317,-13.4564279192933,-58.4094190647932
7.0803264,20.136403,10.791494,22.832930,10.744956,-9.75294968713667,-60.3482773401884
7.1105552,21.473609,11.606218,23.838467,11.295732,-7.37906215387202,-59.9223390123127
7.1440512,22.459431,12.468866,24.604152,11.894821,-5.61962645989184,-58.6999925256
7.1842032,22.469192,12.162147,24.475000,11.720892,-5.64124649507385,-59.5883884880881
7.224328,21.737145,12.008787,23.921493,11.846507,-7.15652213922218,-58.2268895299126
7.2543184,21.005099,12.085467,22.777579,11.807856,-5.64101209558571,-55.9738508720599
7.2854368,20.077840,11.836257,21.255436,11.459998,-3.54319162091971,-54.2857898538343
7.3255648,19.531245,11.970447,19.899344,11.305394,0.166436382866471,-51.8395544410882
7.3579648,19.170102,10.820249,18.773880,10.049239,3.437904646355,-55.5663265339831
7.3965552,18.457576,9.737146,17.279412,9.034653,6.61084019449679,-57.9513968206419
7.4378288,16.934919,8.682797,17.007414,8.213321,0.83175746210447,-60.6946833681234
7.4678416,14.213429,7.791394,14.052449,7.855800,-0.382692931363469,-55.228882565667
7.4992048,13.395851,7.638034,13.416570,7.952427,-2.56983606476501,-52.6404987368732
7.530408,12.223660,7.618864,13.407219,8.474214,-11.4384508792327,-48.5298895000462
7.5705072,12.194109,7.446334,13.201494,8.174670,-10.0205622811635,-49.6374465631182
7.6004192,12.243361,7.379240,13.107982,7.807486,-7.76359136997509,-51.0549454757778
7.63036,13.740613,7.695544,14.370388,7.614231,-3.59351037775646,-56.0795481636503
7.6715856,16.134246,7.446334,15.922680,7.305024,0.773317660763806,-64.6174254421474
7.70276,17.647445,6.372816,17.657641,6.879864,-3.16501376506969,-74.2431549762017
7.733128,20.009515,6.305721,20.000820,6.609307,-2.06512473875954,-80.8329565995463
7.7642384,22.156852,7.427165,20.674253,7.044130,6.18991258509873,-78.8905948762762
7.8043472,21.990922,8.471928,19.927019,8.010403,8.50337367280103,-72.1217710212497
7.8454128,21.766427,10.264320,19.299712,9.546777,10.4654724198326,-62.2729388410114
7.8754144,21.532172,11.079043,20.425175,10.445411,5.07746281539415,-59.1634875765112
7.9166976,20.253531,10.906514,19.474989,10.049239,4.97718972289369,-57.7363610850786
7.9454304,19.541005,10.456019,18.783105,9.711044,4.70394004470284,-57.8586013854497
7.976584,19.687415,10.034280,18.700079,9.314872,5.54109780534367,-60.0611720309761
8.0251136,19.648372,9.008687,18.349525,8.387250,6.64637168655897,-64.8689432028645
8.077832,19.736218,7.944754,18.035871,7.430639,8.16193780791988,-70.5106421129179
8.1079168,20.380419,7.820149,18.570928,7.247048,8.69032778290827,-72.8750842986685
8.1493344,20.536589,8.069358,18.570928,7.324349,9.90900911151101,-72.0723797752905
8.1802928,20.634195,8.318568,18.478676,7.594906,10.4692517624933,-70.5332997814252
8.2104544,20.438983,8.193963,18.118897,7.478953,11.2578742893253,-70.5773887887473
8.2415472,20.438983,8.347323,17.823693,7.430639,13.291121087361,-69.902331220056
8.2815008,20.399940,8.567778,17.491589,7.546592,14.8939838524657,-68.4392799121015
8.3113744,20.175446,8.769062,17.187161,7.720521,15.3702806258489,-66.6565159432243
8.3438832,19.911909,9.085367,16.642879,7.875125,17.2623988971257,-64.2107089913989
8.3838864,19.121299,9.353746,17.026116,8.271297,11.9350337083203,-61.7385490347309
8.4125712,18.691831,10.110960,17.035468,8.967014,10.2033799971306,-57.1024237831013
8.4640432,19.179862,10.705229,17.082223,9.218245,12.9538167674908,-55.6211968803829
8.5053776,19.228665,11.059873,17.297300,9.682056,11.6514694416692,-53.8906981263752
8.5353392,17.520557,11.289913,17.082223,10.020251,5.75468758358204,-49.572397985397
8.567944,17.549838,11.587048,17.400163,10.484062,3.8973285255943,-48.2185445691377
8.6016368,16.564016,11.098213,17.175735,10.571027,-1.18912011776128,-47.3045022350013
8.6392016,16.636614,11.174893,17.334705,10.812595,-2.15797864172414,-46.8839106926197
8.6791952,16.778749,11.788332,17.540430,11.160453,-1.36465875869948,-45.1046783107957
8.7130512,16.407846,11.347423,17.072872,11.005850,-2.11303610576146,-45.1899488486103
8.7606384,16.339521,11.817087,16.782986,11.247418,-0.372534277834495,-42.877368077165
8.7917168,16.808031,12.104637,16.493101,11.353708,3.20672644609772,-42.2392918609143
8.8228784,16.291852,11.376178,16.240619,11.189441,0.0762392051880536,-43.092085224891
8.864152,16.094845,11.865012,15.698252,11.102477,3.72387170542164,-40.8433544130238
8.903904,16.636614,12.459281,16.053596,11.643590,4.47317068542642,-39.7075502307293
8.9329696,15.730382,12.411356,16.259322,11.875495,-0.832197829910842,-38.0740457186231
8.974192,15.562926,12.631811,15.969436,11.943134,0.229966135069796,-36.6065232635111
9.0054624,15.769783,13.676574,15.118481,12.542224,5.91080945095516,-31.7917227691081
9.0355856,15.533375,14.357108,14.856648,13.324905,5.5122857063151,-27.7863375916777
9.0778048,15.159062,14.970547,14.454549,14.020621,5.25306707452463,-23.6810945105694
9.1168464,14.952205,15.612741,13.594242,14.928918,6.62231817707755,-18.6208921462702
9.1492608,14.686246,16.120745,12.883555,15.373404,8.48836726575053,-14.895868793947
9.1777856,14.390735,16.599994,12.378592,15.663286,9.95598595250803,-11.8607288059064
9.2301568,14.341484,16.715014,11.976492,15.759913,11.3671413185529,-10.531912133018
9.2591168,13.937620,16.657504,11.508935,16.030469,10.5210451536734,-8.27010080031354
9.3077312,13.809565,17.107998,11.265805,16.426641,11.0544647206607,-6.01650886413149
9.3579296,13.159443,16.386186,10.527063,17.276961,5.71588151132588,-2.638668571605
9.3914576,12.519170,16.953490,10.068857,18.030654,4.30489871363949,2.07554282932774
9.4255152,12.381266,17.066951,9.928589,16.644672,10.2516944350716,0.731545061855435
9.4641104,12.203959,17.152046,9.760269,16.892951,9.58861924359307,2.11864572916316
9.501496,11.898599,16.953490,9.685459,16.902500,7.98287003380544,2.76417179109739
9.5355696,11.425782,16.537467,9.601299,16.921598,4.86439391450064,3.5408304215684
9.5743024,11.238626,16.386186,9.750917,16.988443,2.66739816165173,3.50084515974959
9.6055424,11.031769,17.462643,9.778971,17.236721,4.90846219561816,6.05249519435293
9.6378976,10.824911,17.299698,9.797673,17.370410,2.88647959613782,6.49225714264223
9.677944,10.578653,17.223018,9.797673,17.437254,1.3706009143451,7.11673905241447
9.7404848,10.470299,17.280528,9.797673,17.905164,-0.671464223764435,8.19710831283448
9.7679728,10.490000,17.328453,9.825727,18.182090,-1.59319824455641,8.55826838255083
9.819192,10.755959,17.079243,9.975345,17.847869,-0.812192392311628,6.60566623863105
9.8513632,10.893864,17.031319,10.096910,17.666434,-0.229649307577738,5.58926268434334
9.8814224,11.169673,16.858789,10.218475,17.341762,0.964758813412347,3.80507614407961
9.9402176,11.327279,16.676674,10.283933,16.978893,2.0444351542504,2.37385823939489
9.9728432,11.721293,16.571239,10.480308,16.348648,4.88964799274137,-0.303176904388867
10.0026144,12.006952,16.437050,10.639277,17.789086,-0.79929202513909,0.741489699251165
10.0555376,12.213810,16.389125,10.732789,17.586169,0.221268599022204,-0.382641139175789
10.0843296,12.538871,16.235765,10.901110,17.305950,1.29766331826039,-2.26034012107562
10.1141072,12.627524,16.168670,10.957217,17.276961,1.27471363332308,-2.75901953042379
10.1555968,12.676776,16.178255,11.032026,17.276961,1.20923197301773,-3.0333983125146
10.1868608,12.726028,16.120745,11.106835,17.325275,0.708496795877532,-3.33759307439476
10.2165632,12.657075,16.254935,11.106835,17.412240,0.622437352318485,-2.81243958666965
10.2491664,12.627524,16.091990,11.106835,17.547518,-0.612938891212093,-2.78909080764956
10.289296,12.450218,16.111160,10.994621,17.615157,-1.04211003084457,-1.96890245936071
10.3190496,12.341864,16.139915,11.032026,17.692459,-1.77735572805026,-1.62874876550672
10.349352,12.332014,16.197425,11.032026,17.798749,-1.9961849223105,-1.33956602444932
10.3917824,12.203959,16.178255,11.060079,17.847063,-2.8425578439702,-1.05644607196517
10.4315808,12.184259,16.111160,11.069430,17.847063,-3.20907935131286,-1.1405297414575
10.4713536,12.184259,16.091990,11.134888,17.905039,-3.74346274341128,-1.23234027595108
10.521608,12.223660,16.063235,11.088133,17.963015,-3.74453065888322,-1.16771940620184
10.556824,12.194109,16.053650,11.134888,17.963015,-4.06841887240312,-1.22380647575706
10.6116096,12.164558,15.909875,11.134888,17.876051,-4.4105841138295,-1.52870436381587
10.6444672,12.213810,15.861950,11.162942,17.972678,-4.86955899881722,-1.63182228284358
10.675432,12.243361,15.890705,11.181644,17.885713,-4.39121265054066,-1.84037135141923
10.70544,12.253211,15.919460,11.284507,17.866388,-4.55338528099059,-2.08972984021689
10.750448,12.272912,15.909875,11.265805,17.808412,-4.22949363192804,-2.20254082186166
10.7904672,12.302463,15.785271,11.303209,17.779423,-4.62643569558047,-2.61160939162032
10.81792,12.292612,15.746931,11.331263,17.779423,-4.91659443812279,-2.71740106053271
10.8654576,12.312313,15.785271,11.321912,17.827737,-4.83756824482071,-2.59892249742401
10.9003392,12.332014,15.718176,11.396721,17.769761,-5.08271979379689,-3.02580788707041
10.930296,12.312313,15.689421,11.415423,17.692459,-5.05218268167397,-3.19907164239762
10.9654336,12.410817,15.718176,11.359316,17.692459,-4.35270003756171,-3.25024814620054
11.0204432,12.489619,15.631911,11.508935,17.537855,-4.36284101036434,-4.18187944295777
11.052856,12.558572,15.583986,11.555690,17.489542,-4.27614504052794,-4.61060728791738
11.0869024,12.627524,15.574401,11.611797,17.489542,-4.25694006876024,-4.91446063397436
11.1243872,12.657075,15.507306,11.630500,17.363926,-4.00277842499811,-5.35068037170023
11.15564,12.676776,15.516891,11.658553,17.354263,-3.95892595621516,-5.46026652264039
11.1867216,12.588123,15.478551,11.705309,17.421902,-4.87335130476578,-5.31460945108347
11.2404832,12.676776,15.468966,11.695958,17.373589,-4.35445854519846,-5.59439573288466
11.2692352,12.686626,15.526476,11.724011,17.344601,-4.09227957959056,-5.63263742334491
11.3016144,12.696476,15.507306,11.714660,17.296287,-3.91312745159668,-5.74837997462399
11.3505168,12.706327,15.392286,11.714660,17.199660,-3.95637600766905,-6.1320873110044
11.380512,12.666925,15.468966,11.780118,17.315612,-4.48977434771956,-5.86271417041529
11.4128416,12.716177,15.497721,11.761416,17.257636,-3.9045484953604,-5.98215462119789
11.4516176,12.775279,15.526476,11.836225,17.218985,-3.7028209121564,-6.30362929043993
11.4826304,12.854082,15.488136,11.798821,17.103032,-2.97539186934855,-6.66145891128889
11.5126512,12.883633,15.382701,11.845576,17.064381,-3.29592685652752,-7.08214454401826
11.5467472,12.863932,15.449796,11.854927,17.025730,-3.00484336132617,-7.00968955191807
11.583984,12.923034,15.373116,11.929737,17.035393,-3.38817784076115,-7.42777428364449
11.615432,12.991987,15.325191,11.920386,16.919440,-2.83851649725271,-7.84606102342566
11.6466752,13.031388,15.363531,12.004546,16.890452,-2.74863440522045,-8.1072536103723
11.6916768,13.110191,15.286851,11.985844,16.842139,-2.48920381617965,-8.45969817070342
11.726784,13.090490,15.306021,12.013897,16.813150,-2.4877170504927,-8.49553939861982
11.7579504,13.070790,15.267681,12.023248,16.813150,-2.7442918337418,-8.53944824737182
11.792864,13.060939,15.286851,12.023248,16.832476,-2.78121708126179,-8.4500766839037
11.8281568,13.031388,15.296436,12.004546,16.880790,-2.96849849845546,-8.24092732116339
11.8906128,13.060939,15.315606,11.985844,16.745511,-2.20393146744044,-8.46813437443007
11.9289408,13.090490,15.401871,11.967141,16.793825,-1.8745375246388,-8.25733614449174
11.9600848,13.070790,15.325191,11.957790,16.871127,-2.49675953303955,-8.19116062975741
11.9902432,13.001837,15.392286,11.957790,16.813150,-2.28593617228476,-8.02052389310004
12.0302896,13.100341,15.411456,11.920386,16.890452,-1.98826294389136,-7.98989616068569
12.0754928,12.991987,15.449796,11.836225,16.967754,-2.22862903835115,-7.35678516447559
12.1056176,13.001837,15.478551,11.724011,16.958091,-1.62280756906706,-7.09254760790958
12.136704,12.982136,15.526476,11.742714,16.938766,-1.51323360197941,-7.04097030722702
12.1853712,12.972286,15.564816,11.686607,17.006405,-1.44862651208572,-6.70927025260423
12.2194,12.952585,15.603156,11.705309,17.064381,-1.66684240772203,-6.54195243498509
12.2478928,12.972286,15.545646,11.649202,17.006405,-1.38016066446054,-6.65731572405398
12.302864,12.923034,15.526476,11.686607,17.006405,-1.78139541200457,-6.66334163153304
12.3394432,12.932885,15.603156,11.639851,17.025730,-1.34911782328498,-6.41478857520103
12.3756784,12.942735,15.574401,11.667904,16.948429,-1.2347188496961,-6.68288498373177
12.4153408,12.952585,15.545646,11.677256,16.987080,-1.48793280886647,-6.70947938400281
12.4528544,12.962436,15.593571,11.695958,17.035393,-1.52148478462896,-6.60911897538637
12.490464,12.982136,15.516891,11.695958,16.958091,-1.4460580135325,-6.91828759979457
12.5340688,12.913184,15.555231,11.742714,16.929103,-1.62949836601247,-6.85184968710093
12.5742336,13.001837,15.488136,11.780118,16.987080,-1.90706211687574,-7.15288617407183
12.6080432,13.041238,15.516891,11.798821,16.919440,-1.46410808775359,-7.35106569004514
12.6467168,12.982136,15.516891,11.817523,16.987080,-2.01332331114104,-7.14331983634801
12.6766688,13.041238,15.449796,11.770767,16.919440,-1.6129341572166,-7.40374296413707
12.7080064,13.011687,15.526476,11.789469,16.900115,-1.43166934858999,-7.28012327836815
12.7493776,13.011687,15.516891,11.733362,16.948429,-1.43862365397616,-7.08653534335945
12.7894176,13.031388,15.545646,11.752065,16.919440,-1.21609100154752,-7.17372927717256
12.8215216,12.982136,15.497721,11.770767,16.929103,-1.69186026637204,-7.17069806900619
12.8566992,13.021538,15.497721,11.742714,16.851801,-1.14409609183398,-7.32997667439603
12.891632,12.913184,15.564816,11.667904,16.987080,-1.52948821593446,-6.56578988450687
12.9238,12.952585,15.574401,11.686607,17.035393,-1.59631230037701,-6.59842514091822
12.9528544,12.962436,15.536061,11.705309,16.958091,-1.48339487707067,-6.86181558861817
12.9926656,12.991987,15.564816,11.658553,16.977417,-1.15850780140959,-6.74011164274617
13.0226816,12.952585,15.641496,11.695958,16.967754,-1.12210819378331,-6.62056807661614
13.0543728,13.051089,15.583986,11.724011,16.987080,-1.14580938315023,-6.97248685173126
13.0855952,12.991987,15.641496,11.667904,16.919440,-0.684258085811025,-6.72919146732373
13.1243312,13.001837,15.593571,11.639851,16.929103,-0.758634749835592,-6.75364563753725
13.1752176,12.982136,15.622326,11.649202,16.967754,-0.906095570321354,-6.61440789293499
13.2126016,12.962436,15.631911,11.658553,16.948429,-0.90664734396165,-6.60762523364028
13.2465456,12.982136,15.660666,11.611797,16.890452,-0.326326466259492,-6.59632532896699
13.2779792,13.031388,15.612741,11.733362,16.900115,-0.818563207791192,-7.04919280384131
13.3078016,12.972286,15.583986,11.667904,16.958091,-1.12280812672005,-6.71689874162464
13.3593408,13.090490,15.583986,11.733362,16.890452,-0.667401688153549,-7.24878385898817
13.3915872,13.021538,15.603156,11.817523,16.900115,-1.20974159615202,-7.23338773582806
13.4206352,13.060939,15.536061,11.770767,16.861464,-0.992104300989314,-7.39927013340812
13.4727936,13.011687,15.536061,11.808172,16.764837,-0.954565298078598,-7.53985165883261
13.5013792,13.051089,15.622326,11.826874,16.880790,-0.988046045885373,-7.32127306639802
13.53284,13.080640,15.583986,11.836225,16.832476,-0.874213278251834,-7.55830746678869
13.575352,13.070790,15.468966,11.854927,16.716523,-0.978975265544983,-7.97902589659039
13.612976,12.962436,15.536061,11.770767,16.774500,-1.0363314336251,-7.32720926101293
13.6440192,13.001837,15.603156,11.770767,16.851801,-0.925314695209628,-7.16668870900288
13.678896,13.031388,15.593571,11.798821,16.890452,-1.10176455822361,-7.2465949739369
13.7152608,13.021538,15.564816,11.808172,16.822813,-1.02770035352168,-7.411876022717
13.7467744,12.991987,15.545646,11.808172,16.880790,-1.4313312126151,-7.27813790649561
13.8114208,13.011687,15.574401,11.742714,16.919440,-1.14648768175472,-7.05853769071207
13.8477728,12.903334,15.583986,11.686607,16.958091,-1.4552051110868,-6.60277499369796
13.878864,12.903334,15.622326,11.677256,16.919440,-1.12806028014853,-6.58204941721714
13.9102352,12.883633,15.679836,11.695958,17.016068,-1.42036565556473,-6.31575143918476
13.9488144,12.932885,15.660666,11.686607,16.929103,-0.942683200679742,-6.58805038570344
13.9805216,12.893483,15.622326,11.639851,17.045056,-1.49884506210872,-6.25928736399782
14.0102368,12.903334,15.631911,11.639851,17.025730,-1.35213772643907,-6.29836257675137
14.0515136,12.913184,15.660666,11.667904,17.016068,-1.27521253652618,-6.35191433693633
14.0814912,12.942735,15.612741,11.639851,17.016068,-1.23892087977702,-6.43731391632375
14.112672,12.932885,15.670251,11.658553,17.016068,-1.12902711034343,-6.35904573435064
14.1443056,12.903334,15.670251,11.667904,16.967754,-1.09373438899144,-6.39577287517032
14.1954992,12.903334,15.756516,11.574393,16.996742,-0.523225990305552,-5.98603537435097
14.2255904,12.903334,15.689421,11.649202,16.987080,-1.02348969885412,-6.28739472021399
14.2591808,12.942735,15.660666,11.611797,16.977417,-0.805121743338965,-6.35764590223149
14.30684,12.903334,15.660666,11.574393,16.977417,-0.812618295257712,-6.18267802950209
14.3363808,12.942735,15.660666,11.574393,16.987080,-0.70002906801812,-6.25596329008469
14.3677408,12.942735,15.718176,11.527637,17.006405,-0.378588440461744,-6.01815087715459
14.4078032,12.932885,15.756516,11.602446,17.016068,-0.591027401749826,-6.08431052028631
14.4604736,13.031388,15.679836,11.602446,16.948429,-0.252567278697854,-6.55462199286665
14.5002752,13.021538,15.708591,11.621149,16.977417,-0.361980541683972,-6.47588851132935
14.5391104,13.110191,15.699006,11.649202,16.861464,0.268740252438658,-6.9552092755817
14.5801968,12.982136,15.670251,11.621149,16.861464,-0.21550263156392,-6.65090538119167
14.6103088,13.031388,15.641496,11.574393,16.813150,0.223822061203844,-6.78919146937868
14.6654416,13.090490,15.612741,11.667904,16.871127,-0.237792344890966,-7.0847437959865
14.6919536,13.090490,15.622326,11.667904,16.813150,0.0184779140789433,-7.16818089670887
14.7229552,13.100341,15.622326,11.695958,16.755174,0.169395294616076,-7.35398609414627
14.7669008,13.159443,15.564816,11.733362,16.735849,0.106631770246232,-7.7046966034926
14.7943648,13.169293,15.564816,11.733362,16.706860,0.254023422670113,-7.77719436342583
14.8268016,13.179143,15.574401,11.798821,16.697198,0.115058741488527,-7.94661743252251
14.8828208,13.218545,15.555231,11.826874,16.648884,0.268185871825902,-8.21531073312389
14.9169248,13.198844,15.555231,11.752065,16.687535,0.331585055959489,-7.9359685400829
14.9464272,13.238245,15.612741,11.817523,16.658547,0.55707683929361,-8.12158960458974
14.9842336,13.238245,15.593571,11.761416,16.735849,0.404591179430528,-7.89493031609232
15.0191472,13.228395,15.516891,11.798821,16.648884,0.267649149258078,-8.24135546344073
