0.0346624,14.146880,13.238936,12.687257,17.202979,-1.09782536525369,-2.71790262807828
0.0856144,14.127180,13.191008,12.612444,17.173993,-0.989109268061894,-2.66121228155542
0.118752,14.107480,13.181422,12.640499,17.260950,-1.52133423559745,-2.53448818662541
0.1483584,14.107480,13.306035,12.649851,17.270612,-1.09780234582508,-2.30454498564323
0.1883808,14.058231,13.286864,12.621796,17.357569,-1.58023951723238,-2.01474645840255
0.2268832,14.038531,13.248521,12.575038,17.260950,-1.29189576614767,-2.12365876319858
0.2596656,14.068081,13.363549,12.546983,17.386554,-1.07363527113793,-1.68124571752801
0.3020736,13.989282,13.344377,12.537631,17.338245,-1.25186540228807,-1.61770266946849
0.3507376,13.920333,13.363549,12.528280,17.434864,-1.7638497664166,-1.23661906323916
0.3811136,13.890783,13.382720,12.444115,17.415540,-1.4312130675065,-0.992761078408604
0.4222928,13.959732,13.382720,12.444115,17.415540,-1.158440251672,-1.14090690964471
0.4535264,13.910483,13.411477,12.462818,17.396216,-1.23719794448489,-1.05796802436941
0.489776,13.930183,13.440234,12.453466,17.405878,-1.04687497925646,-1.00958553483813
0.5419696,13.959732,13.449819,12.472170,17.483173,-1.239300954482,-0.953761334124913
0.5756416,13.940032,13.373134,12.434763,17.405878,-1.20540133909257,-1.11395097613803
0.6068256,14.008982,13.488162,12.425411,17.483173,-0.725778741432745,-0.888928130500917
0.6422832,13.999132,13.545675,12.444115,17.434864,-0.43159455262613,-0.891064779417587
0.6783792,13.989282,13.468990,12.425411,17.328583,-0.318632600784705,-1.16544197589126
0.7209168,13.959732,13.363549,12.462818,17.231964,-0.635958518142544,-1.55539864946078
0.753552,13.979432,13.430648,12.416060,17.328583,-0.474506278870598,-1.19482753225981
0.7908496,13.989282,13.411477,12.518928,17.318921,-0.84934772367798,-1.48950525335235
0.8222944,13.999132,13.449819,12.556334,17.338245,-0.864716322519584,-1.48419685426754
0.8521136,14.087781,13.325206,12.444115,17.173993,-0.00229174011630917,-1.96839841340903
0.8937472,14.077931,13.430648,12.528280,17.202979,-0.0381763815880234,-1.87759729507884
0.9251936,14.038531,13.392306,12.528280,17.309259,-0.729674619731238,-1.66792507520645
0.9560848,14.077931,13.430648,12.490873,17.289936,-0.218158865144828,-1.63706423798847
0.9857536,14.038531,13.373134,12.528280,17.270612,-0.665166283937305,-1.77481874414537
1.0456544,14.008982,13.382720,12.509576,17.251288,-0.60590797592338,-1.68975180283183
1.0784032,14.048381,13.373134,12.490873,17.347907,-0.770894444535998,-1.57312520459179
1.109656,14.008982,13.401891,12.537631,17.328583,-0.912141501475677,-1.571437331111
1.1658704,14.058231,13.382720,12.509576,17.299597,-0.587059871502428,-1.70561217718334
1.2022464,14.018831,13.353963,12.518928,17.251288,-0.714473264546241,-1.78405581008335
1.2369584,14.048381,13.411477,12.546983,17.318921,-0.718089344310542,-1.67560778826718
1.2732832,14.008982,13.353963,12.575038,17.309259,-1.16662275160776,-1.77550884217045
1.3047232,14.008982,13.430648,12.528280,17.289936,-0.625035123886462,-1.56971204344469
1.3334144,14.058231,13.411477,12.490873,17.318921,-0.476119262186273,-1.57689817134439
1.37592,13.979432,13.373134,12.518928,17.280274,-0.899511529422771,-1.61065149692195
1.4048272,13.959732,13.373134,12.462818,17.270612,-0.73860365891418,-1.46609628287509
1.4362368,14.008982,13.449819,12.462818,17.299597,-0.347135347143679,-1.37652035987858
1.4709504,14.058231,13.497747,12.509576,17.338245,-0.27501561783334,-1.42235787937151
1.5071648,14.028681,13.440234,12.434763,17.318921,-0.275624082750623,-1.34068043572839
1.5371984,13.989282,13.411477,12.406708,17.212640,-0.0550457503278388,-1.44540751730032
1.57236,14.018831,13.459405,12.416060,17.280274,-0.030421689412103,-1.31539298208922
1.6282432,14.048381,13.545675,12.490873,17.318921,0.012024906127678,-1.30885470087808
1.6595616,14.028681,13.497747,12.462818,17.309259,-0.116356635753872,-1.31263021272054
1.6908896,13.979432,13.411477,12.434763,17.299597,-0.512753930873391,-1.32376694893735
1.7409184,13.969582,13.497747,12.434763,17.347907,-0.387096627960776,-1.05485076800073
1.7734336,14.018831,13.430648,12.453466,17.367231,-0.595245181138566,-1.28833108033392
1.8134256,14.018831,13.430648,12.500225,17.299597,-0.519570828679798,-1.51297795855723
1.8623312,13.979432,13.401891,12.453466,17.212640,-0.302222123032909,-1.54236680126061
1.8924064,14.087781,13.468990,12.528280,17.241626,0.0106055874639708,-1.75623278829137
1.9285984,13.989282,13.459405,12.462818,17.212640,-0.0707127029875707,-1.47713111203928
1.973344,14.127180,13.315621,12.612444,17.145007,-0.392101809759922,-2.48272667893123
2.004712,14.166580,13.334792,12.556334,17.106360,0.183058646425188,-2.48354810983934
2.0346224,14.166580,13.334792,12.584389,17.106360,0.0808724760637212,-2.54310689095483
2.0783728,14.137030,13.296449,12.659203,17.048389,-0.247577744020116,-2.81899087864259
2.1057344,14.186279,13.363549,12.640499,17.067712,0.207607244242578,-2.72220319067718
2.1358848,14.225679,13.219764,12.705961,17.019403,-0.265092896648397,-3.30338805493624
2.1658112,14.205979,13.210179,12.724664,17.019403,-0.448453029143275,-3.31929723217043
2.2085968,14.235529,13.191008,12.715312,16.942108,-0.0922503813057922,-3.54349204159784
2.238424,14.225679,13.258107,12.752719,17.038727,-0.354206830015828,-3.29370142585446
2.269536,14.176429,13.306035,12.696609,17.058050,-0.225868353578305,-2.94551201395489
2.310976,14.235529,13.306035,12.734016,17.125684,-0.374565595716001,-3.02273622720535
2.3407168,14.205979,13.334792,12.696609,17.087036,-0.102043277784158,-2.90003346792298
2.3708256,14.176429,13.200593,12.649851,17.048389,-0.43619300999368,-3.0623039250104
2.4047168,14.156730,13.277278,12.715312,17.038727,-0.414339878099764,-3.0334036752199
2.4533568,14.127180,13.315621,12.677906,17.106360,-0.489438859639881,-2.69359333544274
2.4947792,14.146880,13.248521,12.762071,17.106360,-0.981163070108325,-3.03857158047734
2.5259248,14.156730,13.200593,12.715312,17.029065,-0.681737911802475,-3.19540835421819
2.5683184,14.156730,13.229350,12.724664,17.087036,-0.812512011635603,-3.05245050949843
2.6085792,14.215829,13.277278,12.743367,17.106360,-0.528774043371968,-3.09074391698667
2.640944,14.166580,13.200593,12.715312,17.048389,-0.713018052483628,-3.17992697871308
2.688456,14.127180,13.267693,12.687257,17.009741,-0.361236237749202,-2.9838332485664
2.718352,14.166580,13.210179,12.715312,17.096698,-0.850421108338082,-3.07132086301805
2.749704,14.225679,13.258107,12.743367,17.058050,-0.390376334111057,-3.23778593086996
2.7923536,14.196129,13.258107,12.724664,17.067712,-0.473840679350126,-3.1179651066624
2.8295072,14.156730,13.238936,12.659203,17.009741,-0.255960331401159,-3.04096431457621
2.8836672,14.156730,13.315621,12.687257,17.009741,-0.055997479335856,-2.9565564135329
2.9223552,14.176429,13.286864,12.687257,17.067712,-0.302414568163478,-2.94353424205311
2.9531552,14.176429,13.219764,12.668554,17.058050,-0.463711478610753,-3.04777690979974
2.9933344,14.215829,13.267693,12.696609,17.048389,-0.186610179927346,-3.11857619608353
3.048472,14.166580,13.181422,12.705961,16.932446,-0.332863800551552,-3.41447867245382
3.0858752,14.304478,13.133494,12.677906,16.932446,0.124488591353678,-3.73679151851134
3.1182432,14.383277,13.162251,12.836884,16.893798,0.109003168576892,-4.25425443882578
3.1569888,14.422676,13.162251,12.864939,16.951770,-0.0488094620254209,-4.28542138418093
3.1872016,14.442376,13.095151,12.883642,16.913122,-0.162370649825345,-4.56544695311069
3.2183104,14.422676,13.018466,12.883642,16.797180,-0.119954455913366,-4.89073993409403
3.2583136,14.462076,13.018466,12.864939,16.806841,0.0680546054378102,-4.91540987486475
3.289752,14.462076,13.143079,12.855587,16.884137,0.30987780525407,-4.51216468326805
3.3209472,14.462076,13.123908,12.939752,16.913122,-0.175686791795233,-4.66854251162752
3.3521024,14.422676,13.056809,12.921049,16.942108,-0.630936774374129,-4.62002743642412
3.3923856,14.383277,12.989710,12.883642,16.855151,-0.599594373188907,-4.75288757577581
3.4223488,14.363577,13.143079,12.864939,16.971093,-0.425934049494677,-4.16185577627118
3.4648608,14.265078,13.181422,12.790126,17.058050,-0.706504834350071,-3.56289744118506
3.5148976,14.166580,13.210179,12.752719,17.087036,-0.950933057644219,-3.16841218102696
3.545984,14.097630,13.181422,12.705961,17.087036,-1.16779130706595,-2.97769471445765
3.5771376,14.156730,13.238936,12.724664,17.164331,-1.05448636400484,-2.88993596295517
3.6171744,14.117330,13.267693,12.668554,17.222302,-1.10319582492014,-2.52614200572116
3.649808,14.038531,13.306035,12.705961,17.231964,-1.43290438228527,-2.3490812047936
3.6797136,14.008982,13.334792,12.659203,17.183655,-1.09242415615106,-2.22328589914434
3.7222464,13.949882,13.325206,12.687257,17.212640,-1.57042554718648,-2.12114283538598
3.762328,14.048381,13.315621,12.715312,17.231964,-1.38988817427076,-2.3720006685348
3.7923824,14.028681,13.267693,12.734016,17.183655,-1.55034826090327,-2.54897869668926
3.823576,14.028681,13.334792,12.696609,17.183655,-1.14995422765341,-2.34466920084927
3.86396,14.077931,13.344377,12.659203,17.183655,-0.782535979450111,-2.35198932700643
3.8936016,14.077931,13.296449,12.696609,17.145007,-0.967059971963545,-2.59253228878383
3.9248272,14.058231,13.286864,12.668554,17.058050,-0.665462909316126,-2.6715129438856
3.9656144,14.087781,13.306035,12.649851,17.173993,-0.826000889602804,-2.44235967954797
3.9956,14.087781,13.344377,12.734016,17.193317,-1.04915538623917,-2.51346165702412
4.027144,14.117330,13.363549,12.668554,17.145007,-0.445836259475003,-2.49159893562924
4.0596256,14.048381,13.267693,12.724664,17.116022,-1.19406510271357,-2.69714728562146
4.1196688,14.107480,13.258107,12.621796,17.135345,-0.69546122461815,-2.58607294841585
4.1697808,14.068081,13.334792,12.612444,17.145007,-0.549452475989192,-2.32144456509088
4.2209072,14.107480,13.353963,12.631148,17.164331,-0.456726864999863,-2.3732676648746
4.2522336,14.058231,13.315621,12.631148,17.145007,-0.731855736116362,-2.37597875557634
4.282064,14.137030,13.353963,12.659203,17.212640,-0.617120721139383,-2.40563518303604
4.3234944,14.117330,13.344377,12.575038,17.145007,-0.181723296502255,-2.32878407259431
4.3757248,14.048381,13.382720,12.631148,17.154669,-0.541149189626539,-2.21221060962294
4.404824,14.087781,13.382720,12.603093,17.193317,-0.424465453427421,-2.16456922343717
4.4473536,14.087781,13.392306,12.593741,17.106360,-0.0368570782987607,-2.28844984307704
4.4769776,14.058231,13.401891,12.575038,17.241626,-0.538738123508669,-1.9169413545181
4.5070448,13.949882,13.449819,12.575038,17.222302,-0.706714762872066,-1.63285093633627
4.5423456,13.949882,13.440234,12.556334,17.231964,-0.711731872152154,-1.59271627204355
4.5884192,13.969582,13.478576,12.518928,17.260950,-0.452420940658744,-1.4305260053889
4.6197072,13.920333,13.421062,12.481521,17.202979,-0.526913663634462,-1.4581406763963
4.6509936,13.940032,13.468990,12.537631,17.260950,-0.674459140410399,-1.42498928756066
4.6897152,14.008982,13.411477,12.575038,17.241626,-0.694939282559893,-1.794227751038
4.720944,13.969582,13.440234,12.612444,17.164331,-0.592227696484029,-1.87985332059041
4.7521376,13.999132,13.478576,12.546983,17.212640,-0.262604615423982,-1.64285077606978
4.8021328,14.018831,13.459405,12.603093,17.164331,-0.288850900967809,-1.92940263379344
4.8336112,14.028681,13.421062,12.631148,17.135345,-0.397594204704104,-2.1349748685359
4.8648768,14.186279,13.440234,12.734016,17.154669,-0.146585955599967,-2.61529564361338
4.8998688,14.255228,13.344377,12.705961,17.077374,0.129744944795666,-3.02374275772431
4.9358016,14.186279,13.200593,12.705961,16.922784,-0.144116740085259,-3.43817572959458
4.9670992,14.127180,13.229350,12.677906,16.971093,-0.337783861762349,-3.10862346892909
5.0283152,14.127180,13.430648,12.621796,17.212640,-0.21928392202997,-2.16328878197552
5.0681696,14.008982,13.421062,12.575038,17.193317,-0.481938698022232,-1.8659199079791
5.0984512,13.979432,13.411477,12.537631,17.173993,-0.430086983827511,-1.77647725966412
5.1330736,13.920333,13.507333,12.462818,17.328583,-0.574942045486475,-1.02724494350125
5.1694816,13.831684,13.603189,12.490873,17.434864,-1.03270152752687,-0.526977934524481
5.2008544,13.851384,13.574432,12.444115,17.357569,-0.619521856765203,-0.662538286563631
5.2311168,13.821834,13.507333,12.462818,17.338245,-0.998733437312177,-0.797621857290354
5.2723728,13.821834,13.526504,12.425411,17.347907,-0.822320720972252,-0.664058643872137
5.30212,13.871083,13.526504,12.490873,17.280274,-0.620018780589763,-1.03527491557049
5.3331152,13.999132,13.459405,12.490873,17.183655,-0.0285432607271066,-1.61191512752105
5.3647936,14.048381,13.449819,12.593741,17.145007,-0.10618896859026,-2.02599783802311
5.4173008,14.107480,13.344377,12.640499,17.164331,-0.528368833205221,-2.41094163831891
5.4558224,14.186279,13.344377,12.668554,17.019403,0.206082620602402,-2.9075994514863
5.4898272,14.137030,13.382720,12.687257,17.000079,0.165508909121574,-2.80742000452324
5.5270192,14.245379,13.286864,12.790126,16.951770,0.0160992974375791,-3.52308427026842
5.557264,14.205979,13.267693,12.762071,16.903460,0.0637942744666304,-3.50808051473949
5.5957424,14.205979,13.325206,12.799477,16.961432,-0.0571270215079345,-3.36977398733148
5.6408176,14.186279,13.363549,12.790126,16.990417,-0.0552448922749065,-3.182484811618
5.6797888,14.107480,13.353963,12.705961,17.048389,-0.307440566200528,-2.74793057845756
5.7109024,14.087781,13.353963,12.696609,17.048389,-0.351024428262182,-2.6863848870881
5.7610432,14.107480,13.325206,12.659203,17.096698,-0.426305743366518,-2.61234463658117
5.7935136,14.068081,13.421062,12.640499,17.202979,-0.521728740661032,-2.11319009615594
5.82224,14.028681,13.459405,12.500225,17.183655,0.0536565761607477,-1.69512215705529
5.863512,13.969582,13.497747,12.575038,17.222302,-0.440317024619189,-1.58641688248217
5.8935088,13.979432,13.497747,12.490873,17.096698,0.362042361774973,-1.65975855781586
5.9234496,14.097630,13.363549,12.603093,17.067712,-0.00458052515566543,-2.45484064575644
5.9581568,14.137030,13.248521,12.659203,17.000079,-0.260666693142326,-2.99937079779441
5.9947728,14.186279,13.200593,12.556334,17.048389,-0.0564505749024882,-2.88490998166494
6.027088,14.255228,13.248521,12.565686,17.106360,0.158332950023766,-2.85247833626748
6.0556224,14.196129,13.315621,12.481521,17.260950,-0.0664741596082354,-2.13546411158682
6.09708,14.205979,13.373134,12.425411,17.405878,-0.124434593485063,-1.66273545426703
6.1271392,14.077931,13.382720,12.285137,17.512159,-0.46643653013167,-0.875889120805331
6.1587104,13.940032,13.545675,12.154214,17.657087,-0.418652245208254,0.265390516317831
6.1898176,13.861234,13.584018,11.920423,17.802015,-0.255210321326208,1.27719520419625
6.2383392,13.910483,13.612775,11.901719,17.773030,0.225129028828814,1.20993486807743
6.288408,13.940032,13.526504,11.957829,17.705396,0.0441193263478272,0.745166514482106
6.3308432,14.068081,13.536090,12.041994,17.657087,0.453856875151277,0.213723669980581
6.370944,14.215829,13.516919,12.135511,17.647425,0.651433376019431,-0.35897791831229
6.4020528,14.334027,13.574432,12.051346,17.647425,1.6403693363319,-0.327673039265752
6.4384288,14.442376,13.699045,12.004588,17.734382,2.39314747906864,-0.0774457881312234
6.483688,14.353727,14.015371,11.864313,17.975929,2.89705561042666,1.40795239727642
6.5148256,14.383277,14.044128,11.826906,17.985591,3.21981200887673,1.49260016302806
6.54436,14.166580,14.034542,11.649225,17.946943,3.14309510835064,2.26257527119998
6.5857152,13.969582,14.264597,11.621170,16.606475,8.39378400826911,0.762620300881764
6.6172768,14.028681,14.226254,11.714687,16.635123,8.00586175294641,0.408813760620133
6.6472512,14.018831,14.053713,11.733390,16.558730,7.52533289474152,-0.0686696753174694
6.6895008,13.930183,13.996199,11.724038,16.530082,7.10574439621226,-0.0124226387000981
6.7370848,13.191442,14.255011,11.181643,16.969344,5.62523223357999,4.14953529436189
6.7682832,12.324653,14.523408,10.639248,17.313115,4.0059727451281,8.558821839042
6.821008,11.083569,14.993104,9.647973,17.876516,2.52086797683879,15.9168197109022
6.8510272,10.522127,15.203987,9.423534,18.277582,0.365548376613726,18.9834758292227
6.8810112,10.187231,15.251915,9.423534,18.630902,-2.21590456142269,20.5164440357211
6.9382704,9.763686,15.203987,9.432886,18.860082,-5.14830608643396,21.9239686465863
6.9846768,9.487890,15.041032,9.591864,19.299344,-9.31065079878476,22.6679006632364
7.014512,9.330292,15.127302,9.236501,19.471230,-8.93868578613974,24.4774515840682
7.0570624,9.349992,15.664097,8.806326,20.416598,-8.43183960632596,27.7763132790973
7.0857056,9.310592,15.740782,8.544480,20.750820,-8.53772630829444,29.1941338592179
7.1172192,9.527289,15.606583,8.731512,21.228279,-10.5955417312586,28.5389677165431
7.158464,9.665188,15.347771,9.030765,21.696189,-13.8250549073441,27.626905100995
7.198616,10.009933,15.136888,9.395479,21.915820,-15.2701949367626,25.7346649523562
7.2282864,10.206931,14.571336,9.517050,21.772582,-16.7741849202413,23.8937907353777
7.2623936,10.433478,14.044128,9.825655,21.457459,-18.0547532158639,21.2637548168346
7.299888,10.866872,13.411477,10.078149,21.065943,-18.4513294322072,17.9364961513658
7.3310048,11.585913,12.951367,10.573786,20.578934,-17.3494009189249,13.3774679829592
7.3609808,12.423152,12.270788,11.209698,19.633566,-15.6030979147187,7.08005476277963
7.4124192,12.344353,10.909631,11.752093,18.210738,-18.9246221364545,0.863465882790052
7.4424096,12.304954,9.040435,14.155465,17.367231,-33.3083396959486,-10.0124322644715
7.4722784,12.817147,7.765548,16.783277,14.942099,-37.7501606788142,-24.920771615701
7.5149424,13.802134,7.132897,17.666867,13.212622,-33.1828413580301,-34.3720685559153
7.5534256,14.836371,7.219168,19.539564,12.487981,-31.5502070787307,-40.8185450474219
7.584592,15.949407,6.950771,19.419638,10.507295,-20.4288423213496,-48.5502649664147
7.6183328,16.865445,6.864500,19.041408,9.222265,-10.5095889099363,-53.3557440250632
7.6472128,18.028109,7.037041,19.816318,8.690862,-5.54142138380777,-56.9618508942343
7.6773424,19.980233,7.094555,21.633665,8.729509,-4.02612842746753,-61.0850551904436
7.7084784,21.005099,7.161654,22.768354,8.932409,-4.41137184387244,-62.605901749406
7.7485808,22.478953,7.765548,24.456550,9.599078,-4.46341993920705,-62.3259438716255
7.7785728,23.689270,8.724110,24.539576,9.908259,1.78106543716297,-60.361394771256
7.8099008,23.259803,8.906237,23.764666,9.830964,3.66224631821572,-58.9355833199605
7.843696,22.625362,8.762452,23.035882,9.772992,3.57628079580493,-58.0684719538047
7.881032,22.391107,8.992507,22.316324,9.888935,5.57129433241027,-56.1986466726702
7.9236256,22.605841,9.270490,22.067245,10.217439,6.99081630029361,-54.647160382364
7.9558896,22.400868,9.404689,21.781267,10.768166,5.86621856343139,-52.4293046965993
8.0108976,22.313022,9.855213,21.486063,11.473483,5.73822693185021,-49.230963761075
8.045712,20.858689,9.912726,19.788643,11.647397,6.05564873460252,-44.877473449889
8.0822608,19.150580,9.749771,17.759118,11.444498,7.23874730109468,-40.7323571865754
8.1271616,16.876355,9.251319,16.530783,11.038699,2.55555202924932,-37.7465564507705
8.1571536,16.372951,9.308833,15.174795,11.058022,6.07075222083818,-34.4509545169703
8.2086336,16.550249,9.625158,13.977784,11.212613,12.5204177910684,-31.4050100876232
8.2471792,16.323702,8.532398,15.025168,10.526619,5.38077829609066,-37.6928086443677
8.2786208,15.456913,7.267096,15.156091,9.608740,-0.935308138716486,-42.8756299288108
8.3083776,13.999132,5.925110,15.146740,8.700524,-11.035083516498,-47.715683517505
8.3608576,11.182068,4.477681,14.641751,8.207768,-32.0523157863992,-48.7925421345714
8.389712,8.266506,4.209284,14.632399,8.661876,-57.1106583569639,-41.8573274430494
8.4197248,14.639373,5.177432,19.216686,9.589417,-31.6573156709134,-54.654745864956
8.4598736,17.471753,6.049723,22.251748,10.343043,-26.6366726076714,-57.2949866395818
8.4909776,20.234010,7.794305,24.936256,12.256096,-22.0512871291525,-53.8059984488134
8.5208624,18.262364,8.216072,22.952856,12.294743,-22.3885300545741,-48.1370362839449
8.5521216,17.383908,8.398199,20.545102,11.570102,-15.3131192883613,-45.2633756493296
8.591,17.813375,8.752867,19.668716,11.193289,-7.82595744298749,-44.7090177163863
8.6223552,18.262364,9.241733,18.672404,10.961404,0.299092977574718,-43.2811765807948
8.6520432,19.033453,9.740185,18.340300,11.415512,4.73568035824247,-41.4871931990342
8.6936496,19.531245,9.634744,19.142885,11.425174,3.28707118645338,-43.5146872070635
8.7248736,18.389252,8.752867,18.856906,10.613576,-0.53548050949207,-45.9028118514792
8.7546128,18.018348,8.446127,18.810781,10.381691,-2.24290129388456,-46.7700783144468
8.7873984,17.130132,7.746377,18.838456,10.014539,-7.65429550550772,-48.5306115736286
8.8435856,16.534734,6.806986,18.967607,9.512122,-13.0968754447434,-52.0991319073025
8.8771056,16.573776,6.490661,19.447313,9.550769,-16.3061041062528,-53.6476413594337
8.9086528,16.866595,6.557760,19.788643,9.666712,-16.3233709523079,-53.9440665435306
8.9483216,17.227738,6.586517,20.379050,9.753669,-16.9885245511038,-54.8389694300505
8.9784704,17.335105,6.490661,20.720379,9.744007,-18.1049675296296,-55.7186480957722
9.0296288,17.257020,6.385219,20.572777,9.686035,-18.2075236683387,-55.9177043208777
9.0708704,16.749467,6.337291,20.369825,10.043525,-21.2799356267803,-54.088987605589
9.1009456,16.407846,6.481075,20.065396,10.304396,-22.0414745248526,-52.0402506558727
9.1321968,16.481300,6.768644,19.742517,10.545943,-20.0938033211633,-50.1623423684733
9.1835952,16.786646,7.180826,19.659491,10.806814,-17.4791417340692,-48.5560887241385
9.2136352,16.554255,7.449223,19.797868,11.193289,-19.1399953799758,-46.6094550583014
9.2471808,16.642101,7.727206,19.419638,11.222274,-16.3174908405482,-45.3604911966477
9.2948576,16.593297,7.842233,19.069084,11.338217,-15.205692848931,-44.1591309263723
9.3258304,16.817792,8.110630,18.838456,11.483145,-12.764710795148,-43.0411421162099
9.3559408,17.032525,7.890161,18.598603,11.570102,-12.2472466459845,-43.3608698105888
9.3899376,17.042286,7.746377,18.598603,11.657059,-13.1340341250648,-43.5273898300928
9.4271296,16.485931,7.755963,18.672404,11.966239,-16.8660128107812,-41.9632193052679
9.4610816,16.485931,8.187315,18.045096,12.004887,-12.9031035408036,-39.7694685974843
9.5010032,15.604661,8.896651,16.652104,13.396198,-13.6465150751129,-30.7216774996527
9.5383968,15.102317,9.347175,16.569078,14.304414,-16.7708360691698,-26.4245036263404
9.5697024,14.304478,12.893853,17.073178,18.014577,-19.0540885189922,-10.7574874399938
9.6008608,13.664236,14.053713,15.604970,16.386844,-7.12775865030248,-7.66229475317451
9.641936,12.639849,13.909929,14.136762,17.145007,-9.34609902531354,-1.46506479192749
9.67192,12.482251,13.977028,13.407334,17.125684,-7.10641645014223,0.528982048412557
9.7056464,12.383753,14.235840,13.080027,17.386554,-6.22101724568711,2.39995701258449
9.7446416,12.383753,14.686364,12.780774,16.329549,0.506481209035865,1.97481321524085
9.7884368,11.782910,14.782220,11.976533,16.673320,0.194460563019359,5.99112003607633
9.8270608,11.221468,15.405285,11.134885,17.876516,-0.910445998138323,12.4870594691878
9.8599488,10.906272,15.309429,10.835632,18.086598,-2.25850161279333,14.196712417913
9.8974368,10.778223,15.529898,10.863687,18.592705,-3.85410435216773,15.6157356160468
9.9283248,10.738824,15.932494,10.826280,19.251598,-4.62740614721485,17.4596746707746
9.9582208,10.876722,15.932494,10.919797,19.452131,-5.12045403960597,17.1914410773542
10.0132512,10.985071,15.942080,11.237753,19.557172,-6.13825078614568,16.3220134767814
10.0409072,10.876722,15.740782,11.106830,19.413934,-6.42093295756668,16.3799033755509
10.072056,10.679725,15.712025,10.938500,19.413934,-6.74274255122747,17.2385811028499
10.11724,10.551676,15.740782,10.826280,19.394836,-6.68171465121931,17.8534730104324
10.163232,10.118282,15.664097,10.470918,19.566721,-8.13545299156043,20.0035762712265
10.1945984,9.793236,15.616169,10.143611,19.643115,-8.80076618033711,21.7477019223632
10.2347824,9.635638,15.827052,9.891116,19.967787,-8.8357616798309,23.6246076391626
10.265904,9.537139,16.095450,9.704083,20.206516,-8.30638718632495,25.1177602348843
10.295856,9.428791,16.363847,9.460941,20.254262,-6.93064428613234,26.51122284366
10.3336288,9.379541,16.440532,9.404831,20.044180,-5.84653892795813,26.610677759321
10.3684704,9.468190,16.718515,9.367424,19.986885,-3.97865363711801,26.7797203660635
10.3985648,9.468190,16.891056,9.386127,19.986885,-3.33867854485876,26.9685333382272
10.4282544,9.409091,16.833542,9.404831,19.948689,-3.74553810817927,26.9453664951227
10.4697184,9.369692,16.737686,9.479644,19.624016,-3.38064303029849,26.2609344896925
10.501056,9.438641,16.641830,9.610567,19.490328,-3.48167856223045,25.3932399815711
10.5531264,9.448490,16.593902,9.619919,19.566721,-3.9568430061795,25.3819021464951
10.6022752,9.527289,16.430946,9.778896,19.528525,-4.75150644710344,24.4531144509361
10.633504,9.615938,16.373433,9.844358,19.375738,-4.30032519209703,23.735617702526
10.6635328,9.694737,16.315919,10.031391,19.375738,-4.90022571145911,22.9440301722749
10.7049056,9.743987,16.325504,9.984633,19.366189,-4.44981570422931,22.9374829379564
10.7399264,9.793236,16.325504,10.087501,19.251598,-4.20311722593364,22.3670150140012
10.7749248,9.931134,16.373433,9.993984,19.184754,-2.84649949577868,22.2221492138887
10.8235264,9.921284,16.478874,9.947226,19.165656,-2.21084546869375,22.4985049888205
10.8559488,10.039483,16.641830,9.685380,19.222951,-0.304635404461285,23.200122405716
10.8861504,9.950834,16.641830,9.629270,19.175205,-0.275344510358035,23.5147800450417
10.9197408,9.911435,16.756857,9.442237,19.127459,0.916359549151387,24.2172162165108
10.9582144,9.940984,16.862299,9.423534,19.184754,1.31635042678241,24.4228334685945
10.9896176,10.000083,16.977326,9.348721,19.222951,2.15516986018963,24.6845727644482
11.0194848,10.049333,16.900641,9.404831,19.051066,2.48429958786101,24.0457369998621
11.0596016,10.128132,16.881470,9.395479,18.926926,3.23206864586447,23.6527066519902
11.090784,10.157681,16.823957,9.573160,18.802787,2.91567738025802,22.8363608232296
11.1222192,10.256180,16.900641,9.619919,18.697746,3.83831684388276,22.4106040789627
11.1531936,10.354679,16.900641,9.704083,18.659549,4.05456296127909,21.873994083977
11.1934448,10.403928,16.852713,9.750842,18.430369,4.75803798287812,21.2105274387484
11.2234384,10.423628,16.737686,9.750842,18.344426,4.70942164701719,20.8573173956366
11.2532336,10.482727,16.833542,9.713435,18.334877,5.50612181324983,20.9303676422563
11.2947472,10.482727,16.929398,9.704083,18.373074,5.77400909657626,21.1557029843432
11.324816,10.433478,16.881470,9.619919,18.382623,5.67764908032772,21.447996539043
11.3684224,10.512277,16.891056,9.563809,18.411270,6.13350911595572,21.4455101727439
11.417152,10.453178,16.986912,9.507699,18.525861,6.05256558948766,22.0609300310907
11.4482496,10.453178,17.178624,9.386127,18.554508,7.16557310895648,22.7055467017816
11.4797024,10.472877,17.207381,9.367424,18.506762,7.6129802364792,22.6750952497478
11.5148,10.453178,17.226552,9.376776,18.439918,7.83441576207824,22.6324785533043
11.5497264,10.492577,17.245724,9.283259,18.439918,8.42776810000192,22.8036185353848
11.5810656,10.394078,17.360751,9.236501,18.468566,8.56299218376997,23.3984622511638
11.6124448,10.453178,17.399094,9.171040,18.459016,9.23584760870477,23.45723491704
11.663512,10.443328,17.360751,9.273908,18.373074,8.98209428993189,23.0292964818833
11.6936768,10.423628,17.379922,9.217798,18.411270,9.05019648798553,23.3141375835703
11.7236688,10.403928,17.418265,9.180391,18.430369,9.19450865614747,23.5495077764118
11.766128,10.463027,17.408679,9.199095,18.459016,9.20150050609604,23.3705702432435
11.8099296,10.531976,17.408679,9.199095,18.373074,9.80583315104384,23.0626720885874
11.846144,10.492577,17.437436,9.255204,18.392172,9.46973427234746,23.088264211865
11.8899888,10.502427,17.494950,9.217798,18.430369,9.72740288286493,23.3003974475297
11.9183648,10.512277,17.351165,9.245853,18.325328,9.51016062484789,22.8370613623448
11.9483264,10.463027,17.284066,9.283259,18.363525,8.76078005309598,22.8260314861999
11.9896864,10.453178,17.331994,9.358073,18.268033,8.990228673844,22.5842490721428
12.0408608,10.443328,17.216967,9.470292,18.344426,7.76606866655637,22.2571691564886
12.0708416,10.453178,17.092354,9.451589,18.363525,7.31447202239962,22.1245518450292
12.107008,10.463027,17.101939,9.517050,18.382623,7.06224306057431,21.9686725207405
12.1435776,10.423628,17.111525,9.554457,18.411270,6.68913056707446,22.0304894179116
12.1733936,10.472877,17.140282,9.535754,18.392172,7.14176720563595,21.9645043308433
12.2047136,10.443328,17.121111,9.573160,18.306230,7.13889329315551,21.7881139499443
12.2560864,10.423628,17.111525,9.563809,18.392172,6.72686260770661,21.9776504207975
12.2859616,10.384228,17.082768,9.601215,18.325328,6.57264200181262,21.8411652862945
12.3158688,10.403928,17.130696,9.573160,18.373074,6.76253024401656,22.0049666504249
12.3571168,10.423628,17.073183,9.601215,18.325328,6.69006997601199,21.7233342693253
12.3987184,10.394078,17.121111,9.610567,18.382623,6.5043800078792,21.9324800371383
12.4287088,10.285730,17.101939,9.591864,18.468566,5.7419057995249,22.3655814851793
12.472176,10.354679,17.111525,9.591864,18.420820,6.23615927938096,22.1275837472849
12.5110656,10.354679,17.140282,9.573160,18.449467,6.31100871730307,22.2615381182844
12.541096,10.354679,17.054011,9.545105,18.506762,5.85797647161875,22.2927164599042
12.5761168,10.285730,17.111525,9.573160,18.564057,5.48400224459111,22.569494522904
12.613536,10.305429,17.121111,9.573160,18.544959,5.67311966861894,22.5035840078052
12.6436848,10.295580,17.025254,9.535754,18.516311,5.50972489925231,22.4450577148984
12.69712,10.275880,17.044426,9.545105,18.602254,5.14059641230893,22.6271022394988
12.7362016,10.206931,17.073183,9.526402,18.544959,5.27387097934872,22.8171279984511
12.765952,10.266030,17.044426,9.526402,18.611803,5.13677340004732,22.7165865644281
12.7971584,10.206931,17.140282,9.545105,18.659549,5.02705945270529,23.0335818426805
12.8489072,10.216781,17.006083,9.526402,18.583156,4.89935165377317,22.7485523534378
12.8800224,10.256180,16.948570,9.535754,18.592705,4.75457374389211,22.5488302332944
12.9087488,10.216781,16.958155,9.545105,18.640451,4.41646774067173,22.7127731521922
12.9595584,10.187231,16.948570,9.629270,18.678648,3.79177815626035,22.6103522909218
12.9897776,10.206931,16.910227,9.591864,18.669098,3.89704590004852,22.5867233428157
13.021056,10.266030,16.910227,9.657325,18.726393,3.66362942679612,22.3423757789958
13.0613392,10.226630,16.948570,9.638622,18.783689,3.51241107217017,22.635846415953
13.1033376,10.197081,16.910227,9.535754,18.669098,4.07278186584773,22.7614071372699
13.1322848,10.206931,16.804785,9.619919,18.611803,3.58750850112936,22.2722051142359
13.1672576,10.305429,16.804785,9.647973,18.640451,3.76424463792858,21.9806048593482
13.2049712,10.354679,16.728100,9.685380,18.525861,3.95031770663573,21.4679100976971
13.2347456,10.374379,16.737686,9.676028,18.525861,4.10313605959125,21.4550349356993
13.2659408,10.443328,16.699343,9.676028,18.487664,4.37188545292572,21.1594507034238
13.311248,10.610775,16.670587,9.816303,18.468566,4.45881922202185,20.2846955006533
13.3570592,10.610775,16.708929,9.806951,18.497213,4.53700406953987,20.4098796729933
13.391048,10.571376,16.661001,9.722787,18.478115,4.5860677284729,20.6303581256135
13.4301456,10.512277,16.603487,9.760193,18.344426,4.49177339718509,20.3981139202586
13.4615696,10.610775,16.708929,9.741490,18.430369,5.04405841554512,20.4793021643531
13.4936608,10.610775,16.699343,9.760193,18.468566,4.78771846987267,20.4737596593359
13.5324992,10.571376,16.728100,9.825655,18.459016,4.53140370164386,20.4349654063857
13.5624768,10.689574,16.670587,9.760193,18.344426,5.4628306006664,20.0381185733491
13.5970832,10.669875,16.651415,9.788248,18.325328,5.27447274039236,19.9583910758509
13.6271856,10.689574,16.641830,9.806951,18.325328,5.24255303984309,19.8442423350693
13.676,10.768373,16.565145,9.760193,18.306230,5.50458163814112,19.6154324482305
13.7057728,10.886572,16.430946,9.947226,18.191639,5.16221850457095,18.4465111513726
13.7362816,10.886572,16.354261,9.919171,18.172541,5.03949342941266,18.3704109863855
13.7787744,10.955521,16.335090,9.965929,18.134344,5.20409762534151,17.984430816308
13.8072416,11.014620,16.200891,10.106204,18.057951,4.6601289499198,17.1461570367685
13.838672,11.132819,16.105035,10.199720,17.952910,4.79322567823426,16.2916720093192
13.8737408,11.251017,16.009179,10.339995,17.838320,4.78327117767918,15.3047288936133
13.9099824,11.260867,15.913323,10.405457,17.723730,4.6301425517519,14.7772652987847
13.9445376,11.280567,15.827052,10.461566,17.695082,4.25911831090984,14.4012914568159
13.9847488,11.310116,15.769539,10.555083,17.781025,3.45998604144822,14.1401752005398
14.0321504,11.369216,15.740782,10.573786,17.704631,3.8016604146132,13.7754922208968
14.063528,11.359366,15.644926,10.657951,17.800123,2.69382317496762,13.5904269695662
14.0934976,11.428315,15.702439,10.695357,17.828770,2.94844593179548,13.4678102942765
14.1447856,11.339666,15.625754,10.686006,17.790574,2.46768355546272,13.5228201516027
14.1747504,11.251017,15.501141,10.657951,17.800123,1.67919974569147,13.6245277255797
14.2058272,11.211618,15.549069,10.667303,18.029303,0.811090097187499,14.1511339719658
14.2459488,11.211618,15.625754,10.704709,18.153443,0.513544851572484,14.3827542216949
14.275936,11.152518,15.616169,10.714061,18.201189,0.0228663618629419,14.5677780403583
14.3071664,11.122969,15.453213,10.676654,18.229836,-0.724407483981691,14.5181430833363
14.3410064,11.034320,15.491556,10.704709,18.277582,-1.21209046085906,14.8081776735059
14.3936176,10.916122,15.481970,10.732764,18.373074,-2.19316912127514,15.1716539391924
14.4310512,10.906272,15.290258,10.751467,18.459016,-3.40813589797256,14.9796689773762
14.4660144,10.886572,15.309429,10.816929,18.459016,-3.65190110938192,14.8959014963636
14.5034208,10.817623,15.261501,10.863687,18.459016,-4.30657159916049,14.8743233408409
14.5322928,10.866872,15.184816,10.929149,18.592705,-5.15012499545182,14.6794012186549
14.5624416,10.847172,15.098545,10.938500,18.544959,-5.44927894372241,14.4890684527671
14.6135776,10.837323,15.031446,10.966555,18.544959,-5.87197476707109,14.3350013798734
14.6534368,10.857022,15.088960,10.966555,18.678648,-6.03789065006098,14.5947611215534
14.6837104,10.896422,15.069789,11.013313,18.602254,-5.84610258862671,14.2261881179497
14.7349648,10.866872,15.002689,11.013313,18.535410,-6.00447525506541,14.0826134814114
14.7648576,10.886572,15.108131,10.901094,18.573607,-5.213879785412,14.5458630774063
14.794744,10.847172,15.069789,10.957203,18.583156,-5.77666273329596,14.4576500982913
14.8397456,10.916122,15.069789,10.910445,18.583156,-5.31947530487367,14.4023098382431
14.8670768,10.916122,15.031446,10.901094,18.497213,-5.12974451158599,14.2242494437406
14.8972816,11.004770,14.983518,10.919797,18.459016,-4.88911584622941,13.8166348672399
14.9310576,10.975221,15.012275,10.985258,18.554508,-5.48152107603748,13.9295908100533
14.9682112,10.985071,14.983518,11.013313,18.535410,-5.59266251391452,13.7577607928084
14.9995776,11.044170,14.983518,11.078775,18.392172,-5.06341028775189,13.2156358879943
15.0296912,11.083569,14.964347,11.060072,18.344426,-4.7361960268297,13.0547852590812
