0.0442032,14.876829,14.002008,12.748785,15.685660,-0.766218004722106,3.59683694608538
0.07388,14.827570,13.973250,12.739435,15.647010,-0.876156408195072,3.58833717460144
0.1050704,14.827570,13.944492,12.711384,15.608361,-0.729647533601054,3.51659584550686
0.1601792,14.837421,13.992422,12.683332,15.675998,-0.663683189502742,3.77639598656325
0.2064464,14.866977,14.136210,12.655281,15.772621,-0.276225057822335,4.23259272747927
0.2403616,14.847273,14.107453,12.683332,15.714647,-0.34324172979811,4.05007709445344
0.287704,14.798014,14.097867,12.673982,15.743634,-0.638265631758651,4.20836099125793
0.3188288,14.768459,14.078695,12.627229,15.695322,-0.458244592585794,4.23781095230188
0.3489936,14.807866,14.136210,12.645930,15.704985,-0.203524524491336,4.24548645191283
0.4003376,14.847273,14.078695,12.636580,15.675998,-0.124798280013704,4.01802390334501
0.4303808,14.896532,13.992422,12.692683,15.608361,-0.219287843032439,3.50504277804732
0.4614512,15.004902,13.934906,12.673982,15.608361,0.0426240258890553,3.20956402039162
0.5017552,15.004902,13.963664,12.758136,15.627686,-0.245167443981086,3.12930249687734
0.5330224,15.093568,13.839047,12.814239,15.579374,-0.409282458486207,2.4993082196897
0.5627184,15.064013,13.743188,12.832940,15.531062,-0.766558149400847,2.24161948701366
0.6152112,15.142827,13.800704,12.814239,15.531062,-0.184128178274955,2.23081069381718
0.65524,15.024606,13.791118,12.814239,15.540724,-0.700041542458081,2.47235346770149
0.6849872,15.073865,13.819875,12.786187,15.560049,-0.374062450700634,2.52227410345676
0.7201392,15.064013,13.877391,12.842290,15.569711,-0.446488631183557,2.55788315149867
0.7665872,15.103420,13.704845,12.804888,15.492412,-0.507718645311963,2.06840502800305
0.7989424,15.142827,13.714431,12.907743,15.473088,-0.642839516178755,1.75970950454661
0.8577744,15.231493,13.695259,12.945145,15.482750,-0.561833514718027,1.48562930076604
0.8875584,15.182234,13.580228,13.019949,15.405451,-1.16885848598585,1.05711622332879
0.9187856,15.162531,13.541884,13.029300,15.424776,-1.49668250029796,1.04063539077599
0.9576656,15.211790,13.532298,13.010599,15.434438,-1.31278347684347,0.979046064881741
1.0101632,15.211790,13.580228,12.982547,15.473088,-1.17276037899337,1.20579820766148
1.0414256,15.162531,13.618572,13.001248,15.550387,-1.57838217984028,1.49396403169027
1.0752496,15.192086,13.628157,13.001248,15.540724,-1.39462968575597,1.43404738336451
1.1128368,15.123124,13.474783,13.001248,15.444101,-1.86588477820411,1.0830914685632
1.1438016,15.152679,13.513127,13.038650,15.589036,-2.30085273541467,1.30760866919387
1.175104,15.182234,13.580228,13.019949,15.627686,-2.011870165379,1.49236465401232
1.2166576,15.123124,13.599400,12.991898,15.608361,-1.98312133826065,1.6684452732636
1.2464928,15.162531,13.561056,13.029300,15.511737,-1.75473154489456,1.2490567279652
1.277504,15.192086,13.503541,13.019949,15.502075,-1.78801924888062,1.07639587648747
1.3078128,15.132975,13.580228,13.019949,15.560049,-1.94154104839113,1.45987212792418
1.3478048,15.113272,13.608986,13.001248,15.569711,-1.87317243020721,1.61273448817076
1.3801104,15.162531,13.589814,12.954496,15.569711,-1.58255980653375,1.57020308104622
1.4103872,15.054161,13.551470,13.029300,15.598699,-2.52950593599808,1.61998052923629
1.479152,15.123124,13.608986,12.991898,15.521400,-1.61735892499584,1.51729506949487
1.5099552,15.073865,13.618572,12.945145,15.608361,-1.91947498593048,1.90073885387003
1.5452368,15.083716,13.666501,12.991898,15.598699,-1.84222070757867,1.86030289728452
1.5852864,15.024606,13.695259,12.926444,15.560049,-1.56169502416556,2.09437886438783
1.6128032,15.014754,13.724016,12.926444,15.560049,-1.49046019640747,2.17043521855886
1.6426576,15.132975,13.733602,12.963846,15.589036,-1.26211001335875,1.92899695002342
1.6876096,15.093568,13.762360,12.935795,15.502075,-0.865150963385367,1.9527497640973
1.7349504,15.162531,13.570642,12.898393,15.347477,-0.593320221734774,1.21029353039648
1.776168,15.162531,13.570642,12.898393,15.424776,-0.889139410386518,1.36241540597695
1.8150672,15.221642,13.666501,13.001248,15.434438,-0.736065879505716,1.24145140773707
1.8464656,15.339863,13.599400,13.076052,15.386126,-0.64548610073058,0.62652750449726
1.90396,15.251197,13.407682,13.001248,15.347477,-1.26701494560632,0.500565438111849
1.9374384,15.290604,13.561056,13.076052,15.337814,-0.789759163822831,0.55476621732464
1.9687824,15.300456,13.599400,13.038650,15.444101,-0.871193545543687,0.894668117413148
1.9977088,15.182234,13.647329,12.982547,15.444101,-0.921372485790764,1.34027604982616
2.0490304,15.182234,13.580228,12.963846,15.444101,-1.10237448289865,1.2465328561642
2.0978016,15.113272,13.752774,12.898393,15.589036,-1.01568107845033,2.13916838669451
2.1304592,15.073865,13.839047,12.879692,15.598699,-0.805731817897148,2.4434124332085
2.1714096,14.955643,13.819875,12.832940,15.608361,-1.18026633529215,2.76215356719917
2.2004592,14.935939,13.819875,12.804888,15.656673,-1.33149526018936,2.95352561787847
2.2317344,14.935939,13.819875,12.786187,15.675998,-1.33386774213494,3.02924955671112
2.2727984,14.945791,13.954078,12.739435,15.675998,-0.615009708678378,3.36357391525156
2.3026288,14.896532,13.896563,12.730084,15.733972,-1.20074085968723,3.48510860726454
2.3328032,14.866977,13.906149,12.776837,15.685660,-1.26991060319494,3.37522390173859
2.3654416,14.807866,13.896563,12.767486,15.791946,-1.89670353799512,3.70211146102081
2.4042256,14.837421,13.906149,12.748785,15.743634,-1.49489960499859,3.60540802004623
2.4353024,14.817718,13.896563,12.739435,15.753297,-1.60644492015741,3.66554021833509
2.4637968,14.807866,13.915734,12.758136,15.772621,-1.71568514784798,3.72112306563285
2.5063232,14.748755,14.002008,12.758136,15.946544,-2.27125073801231,4.3398843736113
2.5363856,14.719200,13.973250,12.804888,15.840258,-2.26628470696626,4.04715268817733
2.5665248,14.660089,13.934906,12.720734,15.907895,-2.57214532468768,4.39998608742911
2.5965744,14.551719,13.915734,12.664631,15.936882,-2.95347127878967,4.76143249450688
2.6588048,14.591127,14.069109,12.720734,15.965869,-2.54444154726534,4.90856806012804
2.688744,14.571423,14.059523,12.617879,16.043168,-2.55864457368744,5.29235455072454
2.7361728,14.610830,13.982836,12.664631,15.869245,-2.21830855071523,4.63700699748822
2.7952848,14.650237,13.973250,12.683332,15.917557,-2.35940070440231,4.58969393011409
2.8313184,14.699496,14.011593,12.739435,15.888570,-2.13118638941362,4.38862636548217
2.8826912,14.660089,13.944492,12.683332,15.869245,-2.24791616332788,4.42232028289505
2.913856,14.689644,14.002008,12.739435,15.888570,-2.20449743513315,4.39081457625756
2.9450448,14.709348,14.030765,12.664631,15.811271,-1.44514638267174,4.41275064418756
2.9951904,14.788162,14.040351,12.711384,15.849920,-1.43686275275288,4.24424619017299
3.0266704,14.798014,13.973250,12.683332,15.820933,-1.43564878016051,4.0986940698812
3.056536,14.798014,14.021179,12.683332,15.762959,-1.03508806502762,4.07950518434633
3.0967184,14.758607,14.040351,12.673982,15.724309,-0.928313108433826,4.14333206638707
3.131512,14.719200,14.030765,12.739435,15.743634,-1.43528824191571,4.10794411421446
3.1828752,14.866977,14.049937,12.776837,15.733972,-0.913898228635708,3.74358444458751
3.230376,14.788162,14.059523,12.645930,15.695322,-0.527695633504371,4.12144377753461
3.2603824,14.758607,14.107453,12.702033,15.704985,-0.70965693243504,4.17644035443442
3.2915696,14.817718,14.049937,12.702033,15.675998,-0.593165334044531,3.88870350413058
3.3364336,14.807866,14.069109,12.636580,15.733972,-0.529693809848343,4.19214622323726
3.38284,14.807866,14.136210,12.692683,15.753297,-0.565860532217921,4.24071575427037
3.4137776,14.768459,14.069109,12.664631,15.714647,-0.710798159580893,4.17878719040638
3.455184,14.778311,14.069109,12.655281,15.714647,-0.638155469895385,4.17774731589709
3.4938176,14.798014,14.069109,12.627229,15.743634,-0.56781831981599,4.25041831628093
3.5240672,14.719200,14.107453,12.636580,15.772621,-0.865848417471861,4.52305742700623
3.5665392,14.748755,14.136210,12.627229,15.811271,-0.758681115010068,4.60924493531172
3.6066352,14.630534,14.059523,12.692683,15.724309,-1.40967476969965,4.40728018800426
3.6365776,14.817718,14.117038,12.636580,15.772621,-0.460683038372969,4.33678185839784
3.6663216,14.709348,14.145796,12.692683,15.801608,-1.08263959238732,4.55500230508142
3.7077152,14.738903,14.126624,12.645930,15.753297,-0.681960109328211,4.46237597956874
3.7374272,14.679793,14.069109,12.617879,15.830596,-1.30773864165152,4.68138072966446
3.7676416,14.798014,14.040351,12.664631,15.724309,-0.744651663596444,4.08101617245424
3.8091328,14.709348,14.030765,12.673982,15.743634,-1.22335266278019,4.26421589090583
3.8390256,14.817718,14.107453,12.683332,15.830596,-0.894837505544931,4.3320094688388
3.8716384,14.807866,14.040351,12.617879,15.714647,-0.492366138920806,4.13905458511346
3.9015824,14.817718,14.011593,12.673982,15.704985,-0.740603842479346,3.92883007438609
3.9404608,14.857125,14.002008,12.655281,15.695322,-0.520458052393929,3.84910100224004
3.9815472,15.024606,13.848633,12.776837,15.618023,-0.636404190398842,2.81010965806606
4.0366144,15.113272,13.695259,12.879692,15.511737,-0.866182546885664,1.91484903624577
4.072952,15.182234,13.561056,12.945145,15.444101,-1.103268822201,1.24675422113116
4.1037856,15.261049,13.532298,12.973197,15.511737,-1.27915975573284,1.10698445766419
4.1353088,15.280752,13.484369,13.019949,15.453763,-1.34267233095635,0.764814130461537
4.1854672,15.310308,13.446025,13.001248,15.444101,-1.26786755246404,0.648332878048873
4.2166496,15.320159,13.541884,13.038650,15.569711,-1.48923663145132,0.988521799283595
4.2467024,15.261049,13.455611,13.048001,15.492412,-1.77847395895267,0.767483790385543
4.2978416,15.152679,13.436439,13.010599,15.560049,-2.3749376211051,1.15703671303354
4.3292704,15.004902,13.551470,12.917094,15.762959,-2.91272659045813,2.26863592482365
4.3589232,14.916236,13.570642,12.879692,15.888570,-3.50890054497235,2.80701700114395
4.4004992,14.916236,13.704845,12.898393,15.878907,-3.03414101215145,3.00896177548366
4.4431264,14.738903,13.714431,12.870342,15.917557,-3.71030024500547,3.52370881921257
4.4753632,14.600978,13.762360,12.720734,16.023843,-3.89019942081303,4.41494032149569
4.5216272,14.620682,13.848633,12.748785,16.101142,-3.88250528034748,4.62714640811269
4.553864,14.502460,13.963664,12.692683,16.120467,-3.75655741328106,5.24507729090498
4.5839408,14.433498,14.021179,12.617879,16.159116,-3.66418454675855,5.72777967442983
4.6192992,14.423646,14.059523,12.580477,16.226753,-3.66952121179859,6.02630533947782
4.6651536,14.354683,14.155382,12.580477,16.217091,-3.53103895581364,6.33299389396813
4.696256,14.354683,14.155382,12.552425,16.226753,-3.46189413332016,6.41023547472759
4.727608,14.384239,14.164968,12.552425,16.207428,-3.240671661952,6.32967973095154
4.786288,14.315276,14.145796,12.458921,16.236415,-3.33225385906193,6.69155525916763
4.8179104,14.354683,14.260827,12.430869,16.207428,-2.53106516793379,6.82802670639603
4.8488848,14.354683,14.251241,12.458921,16.217091,-2.70979447526734,6.76875149915858
4.8876192,14.423646,14.289585,12.402818,16.178441,-1.94621324915431,6.74096187273581
4.9200704,14.344832,14.337514,12.402818,16.120467,-1.84291630629174,6.8892616633741
4.9505136,14.463053,14.212897,12.365416,16.159116,-1.87178955530924,6.55752242345176
4.9901952,14.512312,14.222483,12.365416,16.101142,-1.42965237189768,6.36280771103388
5.0199248,14.571423,14.232069,12.430869,16.043168,-1.19960963542683,6.00944543335216
5.0514704,14.620682,14.126624,12.412168,15.917557,-0.860963194409119,5.50980658991175
5.0828224,14.660089,14.030765,12.449570,15.907895,-1.17967458498037,5.14848160441354
5.1225744,14.650237,14.059523,12.496323,15.985194,-1.58086978701808,5.27220035952943
5.1543376,14.660089,14.136210,12.477622,15.975531,-1.14722213627371,5.41741673956622
5.1836848,14.729052,14.145796,12.458921,16.004518,-0.891485362652963,5.38500223749693
5.226416,14.709348,14.164968,12.496323,15.946544,-0.81521559301979,5.27479466012927
5.2792128,14.679793,14.030765,12.486972,15.936882,-1.35848663425117,5.08385869129404
5.3316464,14.758607,14.049937,12.571126,15.878907,-1.08933670619326,4.67001997130948
5.3666704,14.729052,13.963664,12.571126,15.869245,-1.48866498703882,4.54893516936373
5.4017264,14.788162,13.896563,12.636580,15.898232,-1.87767498976853,4.21719162171198
5.4394752,14.729052,13.934906,12.739435,15.956206,-2.56448447327238,4.31014920711882
5.4789872,14.738903,13.810290,12.748785,15.878907,-2.74213667921081,3.88466765464537
5.5091216,14.679793,13.791118,12.767486,15.917557,-3.25600744764627,4.00572342992435
5.54036,14.738903,13.848633,12.879692,15.907895,-3.19976848783094,3.74318137552105
5.592904,14.876829,13.637743,13.029300,15.820933,-3.71171207912663,2.58062292200207
5.6329744,14.906384,13.474783,13.188258,15.569711,-3.87259921039698,1.39035246472097
5.6626656,14.995050,13.455611,13.263061,15.521400,-3.70754194174124,0.927164560016659
5.7299504,15.211790,13.302237,13.506174,15.434438,-4.0523523865366,-0.467600367209408
5.7738032,15.566454,13.033831,13.992398,15.009294,-3.95360271155714,-3.50450174898083
5.8166832,15.684676,12.947558,14.123305,14.787059,-3.49134048348091,-4.61235273264525
5.8565632,15.940823,12.918801,14.469272,14.651786,-3.42109557143825,-6.08769015314152
5.885208,16.137859,12.966730,14.506674,14.642123,-2.60920066747845,-6.4454540214881
5.9227648,16.147710,13.014660,14.544076,14.642123,-2.53331564469235,-6.43444259106502
5.9661648,16.265932,12.832528,14.637581,14.352252,-2.04003715811389,-7.80285184814497
5.9979136,16.315191,12.822942,14.703034,14.236304,-1.70383423804582,-8.27579094117605
6.0476896,16.285636,12.679153,14.674983,14.120355,-1.80975163303172,-8.71742686216761
6.079096,16.049192,12.669567,14.609529,14.130017,-2.52322282031285,-8.16143842014387
6.11036,16.196969,12.669567,14.572128,14.149342,-1.89952404597377,-8.32443522135266
6.1428688,16.354598,12.477849,14.600179,13.927107,-1.29309113049762,-9.54729952375492
6.1929232,16.285636,12.113585,14.768488,13.434326,-1.69365197632415,-11.5945788277293
6.2241952,16.384154,12.065655,14.890044,13.221754,-1.15109731301023,-12.5711067767093
6.2540208,16.492523,11.883523,15.049002,12.883571,-0.739792606063224,-14.2199477456315
6.3038096,16.679707,11.749321,15.516525,12.255516,0.0859710043022623,-17.1204095639057
6.3440192,16.857040,11.548017,15.899895,11.926996,-0.218886311504285,-19.3221290846132
6.3838992,16.573776,11.087893,16.638582,11.096031,-2.7299770484652,-23.2001388915024
6.4289296,16.915398,10.972862,17.124807,10.767510,-2.46064273000165,-25.6421652941886
6.4566064,17.325344,10.531911,16.587528,10.245742,1.60868725063634,-27.8845152188781
6.4877088,17.608402,10.205990,16.947308,10.062157,0.733770916102305,-30.2140948794219
6.52796,18.086673,9.630836,17.427014,9.501739,0.680031539310628,-34.6780921438522
6.5629152,18.340449,8.873550,17.925170,8.767399,-0.35072418458887,-39.8916238611675
6.599256,18.652789,7.819101,18.451001,7.868798,-1.82116998111601,-46.7508642776495
6.6491216,18.896804,7.387735,18.792330,7.607913,-2.92036693511423,-49.6091794946838
6.6800112,19.121299,7.349391,19.170560,7.772174,-4.35822679150082,-49.956966834437
6.710352,18.994411,7.598625,19.189010,8.120019,-5.32071923928029,-48.0165342867437
6.7476864,18.935847,7.771171,19.124434,8.274617,-5.21400142158488,-46.8886574069271
6.7815232,18.164758,7.962889,18.460226,8.400228,-5.43902011329172,-44.0966414381171
6.815376,17.823136,7.867030,18.257274,8.264955,-5.89506659678646,-44.0599096970895
6.8428352,17.998827,7.636969,18.487902,8.042720,-6.15858775211572,-45.9746414695874
6.8841712,18.281885,7.301462,18.967607,7.743187,-7.11257734007008,-48.9107656090163
6.9166848,18.603986,6.946784,19.373512,7.472640,-7.79732099248755,-51.7600373319728
6.9451776,19.179862,6.457903,20.074621,7.115132,-8.80532296206114,-55.9244259124001
6.9804448,19.980233,5.825233,20.748054,6.603026,-8.73999196372058,-61.1972179465749
7.0279504,21.200311,5.691030,20.821855,6.061933,-2.41448861451256,-64.6735933339833
7.0579488,21.824991,5.777303,20.978682,5.965309,0.167976479419476,-65.4213533142318
7.0901392,21.922597,5.777303,20.821855,5.897673,1.45537642468802,-65.5903107383541
7.1416464,22.254458,5.480140,20.489751,5.385567,5.06368164858038,-68.2934768859108
7.1701168,23.103633,5.355524,20.895656,5.288943,6.56695750808735,-70.0908974106302
7.2279792,24.206583,5.403453,21.522964,5.182657,8.72084139296942,-71.645719986685
7.261904,28.159635,6.227841,23.644740,5.327593,16.0586075535946,-72.9225488855399
7.2929168,29.760377,6.592105,24.558026,5.549827,17.8974937118506,-72.85039934573
7.324056,30.101999,6.582519,24.419649,5.443541,19.7469622809203,-73.3020796717806
7.3629808,29.994632,6.390801,24.041420,5.124683,21.3987102309426,-74.4518081917909
7.394304,30.433860,6.055295,24.087545,4.941098,22.2079579480023,-76.2376069610451
7.424224,31.048779,5.786889,24.253597,4.796162,23.1396576389734,-77.8815195010434
7.4639024,31.956517,5.969022,24.548801,4.689876,25.5567039078662,-78.321343166367
7.4952832,32.590958,5.681444,24.760979,4.486966,26.4914921376274,-80.1684464944091
7.5264688,32.190772,5.307594,24.447325,4.332368,26.0350079733353,-81.3427515025291
7.555232,30.990215,5.393867,23.460238,4.342030,26.5014894092429,-79.9212893470517
7.60556,28.306044,5.786889,20.987907,4.602914,28.3961115781166,-74.8142744519447
7.6368432,26.363680,5.288422,20.028495,4.622239,24.4773018450696,-74.3712107443011
7.6664496,23.835679,4.138114,18.783105,3.984522,19.7684122911372,-78.0067123827268
7.7064176,21.649300,3.438343,17.832919,3.607690,14.5250729635563,-79.9774135561105
7.7376752,19.414117,2.748158,16.753580,3.269507,8.53365872566485,-81.9809437266923
7.7674064,18.184279,2.441409,17.274414,3.047272,-0.837554500235377,-83.943076617143
7.8002096,17.013004,2.498925,16.058853,3.076259,-0.333974186432061,-81.6136726103567
7.8429232,16.417606,2.834431,16.189759,3.424105,-4.4604274504565,-77.790122517791
7.8788688,16.177266,2.796088,15.039651,3.230857,1.64076960110162,-77.6088907878759
7.9103984,14.719200,3.553374,13.291113,4.071484,3.08363270725445,-65.7195643136878
7.9613632,24.167540,4.588652,21.476838,4.593252,8.16207762226304,-76.320959345698
7.992888,28.247481,5.758132,25.240684,5.462866,8.60294135719398,-74.9680162984358
8.0229664,27.583758,6.131982,25.240684,6.245518,4.95817673373165,-71.2227338459469
8.065488,25.680437,6.141568,24.871680,6.844586,-2.08460283573544,-67.9053630086735
8.0939776,25.231448,5.576000,24.779429,6.110245,-2.7334353265528,-71.3185345264801
8.1251088,24.148019,4.751612,24.622602,5.675438,-7.55921246929588,-74.3449136993399
8.1627568,23.513579,4.157286,24.364299,4.960422,-8.72713657018666,-78.0310691045556
8.1967072,23.123154,3.419172,23.746216,4.119796,-7.71207013109164,-82.9124270892856
8.2265072,23.045069,3.026150,23.340311,3.598027,-5.98636260369404,-86.01340574409
8.257952,22.654644,2.728987,23.118908,3.288831,-6.72591261232657,-88.0126211919228
8.3129904,22.752250,2.623542,23.054333,3.240519,-6.29575983412554,-88.629185133991
8.3479728,23.347648,2.786502,23.497138,3.269507,-5.03342292671214,-88.403608143141
8.3796448,23.982089,2.901533,23.884593,3.346806,-3.83626183945142,-88.1789280006142
8.4305504,24.782460,3.179524,24.115221,3.511066,-1.13745606600761,-87.0627058037838
8.4605472,25.416900,3.323312,24.622602,3.578703,-0.395889600176665,-86.8683114522447
8.5167392,25.446182,3.064493,24.428874,3.327481,0.457516971823944,-88.6037680121351
8.5529552,25.319294,2.901533,24.299723,3.143896,0.577957752925809,-89.7428225194421
8.5827664,25.172885,2.738572,24.170571,2.921661,0.779652498774323,-91.042060516134
8.612912,24.645811,2.585198,23.395662,2.815375,1.68712997394867,-91.4642428149125
8.653936,24.187062,2.460581,23.358761,2.815375,-0.50414095681098,-91.7315828295243
8.6949984,23.972328,2.489339,23.257285,2.892674,-1.16220032559012,-91.1810052632516
8.7252288,25.172885,2.748158,24.032195,2.979635,1.13846911510384,-90.7314038852769
8.7693808,24.977672,2.863189,23.552489,3.182545,1.94186759147916,-89.2476530535352
8.8064816,24.909348,3.237039,23.487913,3.810600,0.865864090789275,-85.5234917936248
8.8375792,25.348576,3.438343,24.253597,4.264731,-1.43015913976704,-83.8565565097308
8.871408,24.772699,3.706749,23.469463,4.506291,-0.513281036991365,-81.3355430816016
8.9090992,24.811741,4.195630,23.644740,5.057046,-1.29847323155522,-77.9488290528602
8.9403536,25.387618,5.106290,23.515588,5.337255,3.54179277494312,-74.3824244811496
8.9705152,24.889826,5.834819,23.026657,5.646451,5.0327887145939,-70.4335394829977
9.0214816,25.260730,6.151154,22.888281,5.849361,7.18067213674288,-69.0161331644387
9.0516176,23.982089,5.700616,22.380899,5.675438,3.65337680866281,-69.5829496476758
9.0867472,23.142675,5.489726,21.753592,5.501515,2.89053865147313,-69.664597344731
9.1404288,22.449671,5.067947,21.605990,5.462866,-0.665025578846841,-70.5190081209855
9.1755504,21.639539,4.473621,22.556176,5.230969,-9.16875258562921,-73.454005316098
9.205104,21.522412,4.281903,22.676103,5.144008,-10.5833500335487,-74.4277000371748
9.245328,20.722041,3.860123,22.362449,5.018397,-14.1053971884569,-75.5481213154205
9.277848,20.292573,3.860123,22.500826,5.163332,-17.1164068887106,-74.8005068277188
9.3065536,19.482442,3.735506,21.790492,5.095696,-18.2953637669778,-74.318143547133
9.3417328,17.383908,3.495859,19.770192,5.134345,-21.4768105953656,-71.5274116045914
9.380576,17.237499,3.879295,18.709304,5.308268,-16.3593199477168,-68.0929901859284
9.4191392,16.671382,3.888881,18.211148,5.878348,-19.5576208587384,-64.629247414267
9.4517008,16.876355,4.531136,20.600452,7.144119,-30.3578226260478,-60.3471175808508
9.4941024,20.917253,6.112810,23.635515,8.651450,-21.6319544564319,-57.7545591155449
9.5304448,22.205655,7.042643,24.189021,9.878572,-18.9238169518423,-53.5715741928118
9.5864656,19.931430,7.847858,22.989757,10.709536,-23.2924985367407,-45.682613108984
9.621504,19.121299,8.988581,20.637353,12.352140,-19.735359478206,-34.8691406913819
9.6531488,17.530317,11.701391,18.746205,16.864470,-23.7434086550222,-14.0609125185144
9.6824736,16.581189,13.283065,16.928857,16.339098,-14.1172492260587,-7.5252121726865
9.7337776,13.832538,11.030378,15.647432,16.052830,-28.615375915166,-5.33527034209522
9.7777328,12.807951,10.618184,14.628230,15.772621,-30.4982246789991,-2.71872636375686
9.8103312,12.325213,12.544950,14.151356,17.627798,-28.8493878167826,6.93339125185883
9.8564048,12.492694,13.819875,14.039151,16.978893,-20.2143792862703,7.97990871004899
9.88772,12.384324,13.541884,13.665132,17.908006,-23.7070574724024,10.2023437276403
9.9190704,12.177436,13.283065,13.515524,17.395901,-23.3795186959978,9.57838689977624
9.9706752,12.305510,13.359752,13.543576,17.308939,-22.3154641103256,9.21672886970238
10.0018,12.709433,13.666501,13.702534,17.492524,-20.5675700291107,8.89522623013964
10.0300944,13.024691,13.541884,13.861492,17.279952,-19.608180063337,7.27000737826095
10.0817792,13.133061,13.292651,13.973697,16.893457,-19.22835494331,5.62249082637322
10.112976,13.468022,13.014660,14.282263,16.526287,-18.7920845864516,3.05839104919883
10.1436576,13.773427,12.909215,14.235511,16.246078,-16.8327733068565,1.78139495647737
10.1866544,13.950760,12.890043,14.319665,16.052830,-15.8091227880126,0.835156037222729
10.2154224,14.275869,12.899629,14.413170,15.675998,-13.4605804234507,-0.730503270353103
10.254264,14.541868,12.727083,14.431871,15.424776,-12.2519936269491,-2.14487258356495
10.2902128,14.857125,12.717497,14.525375,15.115580,-10.2637673551721,-3.591899046537
10.3368704,15.073865,12.659981,14.525375,14.874020,-8.75631109535201,-4.62557080943187
10.3666848,15.290604,12.516193,14.684333,14.584149,-7.98941543708004,-6.24633546496085
10.3979856,15.310308,12.525779,14.693684,14.545500,-7.76717621904196,-6.36241847288345
10.4539984,15.605862,12.429920,14.852642,14.313603,-6.72350929575033,-7.90844858390024
10.4888944,15.950674,12.257373,14.974198,14.101030,-5.72237313571043,-9.59250073234742
10.5415888,16.068896,12.113585,15.039651,13.917445,-5.37989031721611,-10.634955716556
10.5816672,16.295487,12.008140,15.086404,13.830484,-4.76523316148116,-11.5485369019603
10.6129808,16.384154,12.084827,15.039651,13.830484,-3.95956866860808,-11.4565582213013
10.6467968,16.305339,12.123171,14.946147,13.907783,-4.05277748512863,-10.894310430498
10.692672,16.295487,12.276545,14.899394,13.956095,-3.51351877911357,-10.3553274318364
10.7226096,16.206821,12.314889,14.703034,13.994744,-3.11108308648315,-9.6698801867225
10.7563264,16.098451,12.381990,14.572128,14.159005,-3.39356060974065,-8.73335283465278
10.794016,16.049192,12.592880,14.441221,14.255628,-2.65172364036578,-7.74548407161757
10.845056,16.009785,12.640809,14.338366,14.255628,-2.23083278354386,-7.3786575194586
10.8814512,15.822601,12.803770,14.160707,14.352252,-2.01518086801857,-6.14551109777952
10.9167392,15.793046,12.870871,14.076553,14.477863,-2.03057133904115,-5.52721751799848
10.9579936,15.694528,12.985902,14.048501,14.545500,-2.11819172137963,-4.90678790994278
10.9918096,15.596010,13.110519,13.898894,14.574487,-1.5621294874882,-4.11313396088148
11.030128,15.536899,13.225550,13.786688,14.709760,-1.43912975636904,-3.26872784933123
11.0693472,15.458085,13.330994,13.674482,14.874020,-1.53650867331894,-2.34890917950224
11.100584,15.359567,13.350166,13.599678,14.922332,-1.73476936483938,-1.87265888161893
11.1628912,15.389122,13.398096,13.506174,14.951319,-1.19787551598327,-1.59182140789255
11.1917488,15.398974,13.369338,13.534225,14.845033,-0.970992314470428,-1.93867020286754
11.2254992,15.428529,13.436439,13.571627,14.777397,-0.492541193969683,-2.07148580762893
11.26296,15.418677,13.407682,13.627730,14.767734,-0.814596751386043,-2.23995717663017
11.2931488,15.487640,13.292651,13.702534,14.767734,-1.27250744253769,-2.75441532666927
11.3240848,15.487640,13.254307,13.758636,14.777397,-1.66658050154108,-2.92208349335121
11.3650048,15.527047,13.215964,13.730585,14.613136,-0.930601711740504,-3.35745136673018
11.3953056,15.566454,13.187206,13.833440,14.700098,-1.61300973737046,-3.51474337570456
11.4265856,15.645269,13.129690,13.926945,14.593811,-1.48435589216576,-4.1830676314907
11.4567776,15.684676,13.062589,13.926945,14.468201,-1.1107938672768,-4.65601790623964
11.5068048,15.724083,12.995488,14.001749,14.439213,-1.38964469598392,-5.07411934785
11.541808,15.842305,12.928387,14.170057,14.390902,-1.65289038060499,-5.85971739781934
11.5806032,15.881712,12.775012,14.216810,14.284615,-1.85666593517703,-6.56569880593277
11.6193424,15.960526,12.707911,14.198109,14.236304,-1.55761460662155,-6.92198935389877
11.64796,15.990082,12.679153,14.291613,14.236304,-1.90998789374836,-7.21399810486614
11.6825632,16.049192,12.631224,14.422520,14.265291,-2.47280399593259,-7.60922779789005
11.7314432,16.068896,12.468263,14.562777,14.168667,-3.1793775707999,-8.45674070251038
11.77132,16.029489,12.487435,14.534726,14.062381,-2.74884255258521,-8.51749493593807
11.8014992,16.059044,12.429920,14.656282,14.139680,-3.60515062163247,-8.75494034088809
11.8412832,16.128007,12.343647,14.721735,14.130017,-3.88046264760401,-9.20750567370119
11.8728016,16.029489,12.276545,14.712385,14.081705,-4.29540413159827,-9.25659966465556
11.9027792,16.098451,12.314889,14.712385,14.062381,-3.81316384881392,-9.34269417168265
11.9350256,16.009785,12.314889,14.731086,14.130017,-4.47576737828689,-9.068744380231
11.9841344,16.019637,12.353232,14.768488,14.130017,-4.4319298976585,-9.07368039421737
12.0153456,16.137859,12.209444,14.824590,14.110693,-4.66717466540597,-9.74354939645928
12.0455648,16.068896,12.219030,14.805889,14.139680,-4.93259793180709,-9.500030654181
12.0967504,16.009785,12.209444,14.824590,14.178329,-5.40999052907164,-9.3634068271047
12.1468384,16.039341,12.161514,14.852642,14.120355,-5.3687637762886,-9.69691685778037
12.1806752,15.970378,12.171100,14.890044,14.081705,-5.59221812407507,-9.70168987766323
12.2180304,16.049192,12.199858,14.918095,14.168667,-5.60809599949101,-9.64838320884854
12.2479808,16.059044,12.132757,14.946147,14.110693,-5.71625524742633,-9.98684812078444
12.2793328,16.029489,12.094413,14.964847,14.149342,-6.1906074344031,-9.96636777115229
12.338048,16.039341,12.094413,15.011600,14.139680,-6.29048061003507,-10.090488131212
12.380192,16.068896,12.046484,15.086404,14.081705,-6.4236346780793,-10.509191356181
12.415376,16.068896,12.036898,15.058352,14.091368,-6.39229141006957,-10.458074787015
12.4516,16.009785,11.998554,14.974198,14.081705,-6.41932403625438,-10.3011333401778
12.4830032,16.009785,12.094413,15.002249,14.101030,-6.22589101829456,-10.1029725550182
12.5140688,16.049192,12.151928,15.011600,14.187992,-6.21085908362206,-9.88055904898429
12.564056,16.009785,12.161514,14.992899,14.139680,-6.07670943018427,-9.85784391682278
12.5950976,16.049192,12.036898,15.002249,14.072043,-6.1878014386589,-10.3619935967616
12.6257056,16.009785,12.036898,14.918095,14.081705,-6.06212282673817,-10.1154440981762
12.6775088,16.068896,12.103999,14.983548,14.120355,-5.96400700479706,-10.1142432859231
12.7066928,16.118155,12.065655,14.983548,14.062381,-5.70629134998808,-10.4121299101249
12.7378704,16.039341,12.094413,14.992899,14.052718,-5.89751438610196,-10.2442943702772
12.7729504,16.108303,12.056069,15.002249,14.052718,-5.81462933050719,-10.469909938488
12.8201936,16.108303,12.075241,15.011600,14.004406,-5.59576126794279,-10.550070177105
12.8490912,16.078748,12.132757,15.011600,14.072043,-5.74042926015739,-10.2254886056702
12.880376,16.137859,12.056069,14.964847,14.004406,-5.38136907275435,-10.5603996836978
12.9215488,16.118155,12.190272,14.974198,13.956095,-4.79704431919981,-10.3554443137134
12.9529072,16.108303,12.142343,14.946147,14.004406,-5.09396637909846,-10.2856040037702
12.9981008,16.137859,12.151928,14.899394,14.014069,-4.80535504614922,-10.212621744992
13.0341248,16.147710,12.103999,14.964847,14.014069,-5.1958775627478,-10.4534541125015
13.0640912,16.147710,12.103999,14.918095,14.014069,-5.02112073867272,-10.368383921145
13.0944672,16.167414,12.103999,14.955497,13.946432,-4.8324922884481,-10.6189286078623
13.135512,16.167414,12.171100,14.899394,13.956095,-4.40183307307487,-10.3504432496196
13.1666688,16.206821,12.132757,14.955497,13.956095,-4.60801451701845,-10.6071449031399
13.1967072,16.236377,12.190272,15.011600,13.956095,-4.48580271698912,-10.6378427166811
13.229152,16.246228,12.046484,15.058352,13.936770,-5.09941915578106,-11.0939091527119
13.2679808,16.246228,11.941039,15.030301,13.811159,-4.92843062949341,-11.5478248604343
13.3092496,16.216673,12.056069,15.077053,13.830484,-4.84840090246872,-11.2849774103886
13.3390672,16.325043,12.056069,15.077053,13.898120,-4.68727201471111,-11.3328567969648
13.3916416,16.325043,11.960210,15.123806,13.801497,-4.86701337513792,-11.8371482641971
13.4428576,16.305339,11.969796,15.151857,13.704873,-4.64883678020288,-12.0430879207315
13.4767664,16.384154,11.960210,15.179908,13.733860,-4.5978850086925,-12.1917837603711
13.5117072,16.334895,11.931453,15.226661,13.724198,-5.03496875420474,-12.2716976179046
13.5428848,16.403857,11.969796,15.198609,13.714535,-4.48375842096143,-12.2817404174575
13.5757936,16.344746,11.950625,15.207960,13.685548,-4.7092653297466,-12.2987129407442
13.6315472,16.344746,11.969796,15.170558,13.762847,-4.78530782143695,-12.0199580310073
13.676464,16.403857,12.056069,15.189259,13.772509,-4.33701741456595,-11.9491337673115
13.7076912,16.364450,11.854765,15.245362,13.704873,-5.21325763386766,-12.5692083699334
13.757672,16.413709,11.873937,15.264063,13.695210,-4.98489812651708,-12.6692788984222
13.7979424,16.462968,11.912281,15.292114,13.598587,-4.39361813155236,-12.9351581672634
13.8327104,16.433412,11.873937,15.320165,13.637236,-4.90253884053068,-12.9318152341756
13.8715424,16.512227,11.797250,15.301464,13.530950,-4.4262107677535,-13.4435008587777
13.9002288,16.492523,11.739735,15.338866,13.511625,-4.78969701023155,-13.6457092008287
13.9339488,16.531930,11.710977,15.451072,13.530950,-5.24120200900791,-13.9338849927432
13.9840736,16.581189,11.739735,15.460423,13.501963,-4.8692752153415,-14.0372944748752
14.012872,16.679707,11.682219,15.581979,13.357027,-4.62527502801432,-14.8737448080928
14.0447136,16.679707,11.624704,15.581979,13.270066,-4.51924957709819,-15.1982286220693
14.0878064,16.758522,11.567188,15.638082,13.299053,-4.75657737451045,-15.4963200059514
14.115272,16.640300,11.567188,15.712885,13.241079,-5.27218613766025,-15.5519425758377
14.1464096,16.738818,11.586360,15.712885,13.270066,-4.92984692525636,-15.6136066173182
14.179216,16.778225,11.519259,15.703535,13.221754,-4.82017006546973,-15.9259509795997
14.2279056,16.788077,11.519259,15.703535,13.154117,-4.52910046439834,-16.096068987118
14.2915984,16.768374,11.528845,15.731586,13.154117,-4.67295870782669,-16.0887109924937
14.3403904,16.788077,11.528845,15.768988,13.134793,-4.66533375638033,-16.2306923441249
14.3705424,16.847188,11.452158,15.750287,13.057494,-4.37243682135979,-16.650031416748
14.400392,16.847188,11.471329,15.740937,13.018844,-4.11862541043744,-16.6784124931597
14.4453648,16.329761,11.471329,15.843792,13.057494,-6.6456443771743,-15.87443890903
14.4727856,16.935854,11.413814,15.853142,13.018844,-4.42110618200057,-17.1526655670773
14.5039152,16.398085,11.375470,15.853142,12.999519,-6.57066370620969,-16.361182669724
14.5354416,16.935854,11.375470,15.918596,12.931883,-4.48693987261567,-17.550533596981
14.5751232,16.388324,11.346713,15.909245,12.960870,-6.78627612965431,-16.5961692443236
14.6051072,16.407846,11.317955,15.974699,12.873908,-6.74167414919459,-17.0093207160624
14.6365872,16.476170,11.337127,15.984049,12.931883,-6.65296598625327,-16.9653402777941
14.6788832,16.437127,11.308369,15.965348,12.873908,-6.62975343368365,-17.0657709696639
14.7276816,16.466409,11.289197,15.955998,12.864246,-6.5189667026299,-17.1666393605081
14.7590768,16.476170,11.202924,16.096255,12.854584,-7.30686058498038,-17.6458480018335
14.81052,16.524973,11.260440,16.114956,12.873908,-7.0340751919308,-17.5835215696847
14.8403888,16.495691,11.183752,16.068203,12.786947,-6.94728279624291,-17.8325997234953
14.871448,16.466409,11.164581,16.105605,12.757960,-7.16840652591151,-17.9584453074194
14.9212912,16.476170,11.135823,16.208460,12.796609,-7.77193433738588,-18.1275166977282
14.9503104,16.466409,11.154995,16.273914,12.815934,-8.05080633438552,-18.1328151472149
14.9815408,16.485931,11.183752,16.301965,12.757960,-7.75054707240768,-18.2814216245311
15.0150624,16.437127,11.049550,16.301965,12.777285,-8.5402978768157,-18.4660244585451
