0.03376,12.239836,15.087662,11.303204,16.969344,-3.56193803510623,-1.03783732773019
0.0649504,12.210287,15.068491,11.340607,17.036189,-4.1533058075186,-0.973692150016873
0.1089984,12.121642,15.116419,11.275152,17.007541,-3.95550750987787,-0.575147334438125
0.1377776,12.042846,15.154761,11.237750,17.141230,-4.48408764603377,-0.0019263545689121
0.1664416,12.023147,15.231445,11.172295,17.131680,-3.97124569793483,0.31655093204823
0.19756,12.032997,15.269787,11.134892,17.208074,-3.92904102541717,0.578582311432548
0.2524576,11.944351,15.250616,11.050736,17.150779,-3.81580101039148,0.862653052208245
0.2878064,11.885254,15.365643,11.050736,17.255820,-3.99578344545075,1.37939421164285
0.3189792,11.944351,15.288959,11.032035,17.265369,-4.03065159553226,1.1682120758291
0.3689136,11.855706,15.403985,11.022684,17.246270,-3.81702892140797,1.56706988101504
0.398912,11.816308,15.327301,11.003983,17.227172,-4.13402763693201,1.54524042666279
0.4301856,11.845856,15.365643,11.022684,17.179426,-3.75232258718267,1.41258413293805
0.481312,11.904953,15.403985,10.957230,17.274918,-3.48070549703226,1.65464238872266
0.5114736,11.983749,15.394400,11.013334,17.217623,-3.20221354140025,1.21634161763486
0.5427408,11.914803,15.394400,11.003983,17.208074,-3.40261873318335,1.38868616652206
0.5825664,11.944351,15.442327,11.003983,17.188975,-3.02273275480436,1.36632705386568
0.6337792,11.973900,15.480670,11.003983,17.131680,-2.5345895322859,1.26307889416838
0.6638576,11.924652,15.375229,10.994632,17.045738,-2.77893544143053,1.07879133562
0.703736,12.013298,15.413571,10.957230,17.131680,-2.46384653070235,1.1668950543001
0.7353024,12.072394,15.432742,11.003983,17.074385,-2.11478299569119,0.847651812631781
0.7650368,12.052696,15.413571,10.975931,17.055287,-2.08594173199729,0.897108365575615
0.79864,12.023147,15.423156,11.022684,17.036189,-2.27137165205231,0.839546572722004
0.8364592,12.042846,15.346472,11.041386,17.017090,-2.49479807192666,0.583676383627605
0.8703408,12.042846,15.403985,11.088139,17.064836,-2.63167402307935,0.65147421019973
0.8988144,12.062545,15.394400,11.041386,17.045738,-2.33833598018043,0.667342613732011
0.9488672,12.121642,15.356057,11.069438,17.045738,-2.36459795775611,0.393184847685582
0.9803056,11.993599,15.394400,11.022684,16.997992,-2.35410321702966,0.796261148198912
1.010144,12.032997,15.384814,11.003983,17.026639,-2.27476251859706,0.779068198140653
1.0511424,12.052696,15.451913,11.003983,17.093484,-2.19045670235356,0.96004346589617
1.1012464,12.052696,15.356057,11.050736,17.045738,-2.56450079374603,0.603026496839142
1.13124,11.964050,15.451913,11.003983,17.112582,-2.61339922575386,1.20558955061155
1.1740544,12.072394,15.451913,10.994632,17.055287,-1.92964242241076,0.870211270584015
1.2024288,11.983749,15.413571,11.032035,17.122131,-2.8316676702904,1.04178670841866
1.2366912,11.934502,15.442327,10.975931,17.112582,-2.65996463827769,1.32813944772386
1.2912496,11.904953,15.403985,10.966580,17.169877,-3.1132702226498,1.45421873180211
1.3251824,11.806458,15.538183,10.966580,17.246270,-3.26531627062807,2.04819142890669
1.3553424,11.796609,15.576525,10.938528,17.236721,-3.00826981122858,2.18843472644661
1.3877776,11.816308,15.557354,10.975931,17.322664,-3.47892999520158,2.16221524553147
1.4277472,11.786759,15.480670,10.938528,17.188975,-3.24345154733683,1.97047427268728
1.4574336,11.757211,15.538183,10.901126,17.265369,-3.28243405028292,2.35862468107155
1.488984,11.767060,15.461499,10.873074,17.341762,-3.73331864021574,2.40240918797577
1.5289936,11.737512,15.509426,10.901126,17.332213,-3.73124038196616,2.47045197418693
1.5585728,11.776910,15.538183,10.938528,17.360861,-3.71375956343745,2.38010155136506
1.5901984,11.757211,15.480670,10.929178,17.370410,-4.02084121750618,2.37022318331064
1.6236368,11.757211,15.471084,10.910476,17.303566,-3.73132205463182,2.28732335683949
1.671552,11.826157,15.403985,10.994632,17.351311,-4.22869299267736,1.88356200457621
1.7027872,11.816308,15.490255,11.013334,17.236721,-3.55873956572146,1.81442741771473
1.7350464,11.836007,15.365643,11.041386,17.227172,-4.04615943291259,1.4722057791875
1.7837568,11.855706,15.375229,10.966580,17.274918,-3.82609092384711,1.70247302171794
1.8139216,11.885254,15.442327,10.947879,17.294016,-3.44420963678055,1.8217814780451
1.84516,11.885254,15.384814,11.032035,17.188975,-3.59214886867051,1.34364672377824
1.8953712,11.895104,15.423156,10.994632,17.122131,-3.00055548439437,1.36175553547073
1.9404256,11.924652,15.423156,11.013334,17.122131,-2.95551719073209,1.24535039224815
1.9690064,11.954201,15.423156,11.022684,17.141230,-2.94802217177491,1.18409592891221
2.0190832,11.885254,15.499841,10.994632,17.064836,-2.51531582698425,1.41845724323583
2.049912,11.904953,15.423156,10.947879,17.141230,-2.85503771169721,1.48333873842564
2.0801664,11.954201,15.451913,10.947879,17.074385,-2.28866989357796,1.29969373978554
2.1202048,11.993599,15.451913,11.013334,17.141230,-2.64298325499528,1.16063712890696
2.152888,12.023147,15.442327,11.032035,17.112582,-2.52604442066664,0.979807900104877
2.1814496,12.013298,15.365643,11.013334,17.093484,-2.72212537277626,0.885312817209211
2.2138944,11.954201,15.365643,10.985282,17.055287,-2.70058707083551,1.02999615847816
2.252688,11.973900,15.317715,11.013334,17.122131,-3.17812745357911,0.947206635964328
2.2824944,11.964050,15.308130,11.032035,17.160328,-3.47385934250064,0.97468756022154
2.3190432,12.003448,15.327301,11.116191,17.122131,-3.41797458376469,0.645562828639996
2.3640752,11.885254,15.308130,11.032035,17.188975,-3.89688356190575,1.21334218683945
2.3940656,11.954201,15.394400,11.003983,17.322664,-3.6852754703131,1.48765537725977
2.423736,11.845856,15.480670,10.910476,17.332213,-3.45143325720473,2.13645258577179
2.4602592,11.737512,15.557354,10.816970,17.408607,-3.51129323323597,2.88335108873346
2.4951728,11.678415,15.605282,10.742164,17.465902,-3.48842924013066,3.38564850461621
2.5289168,11.698114,15.643624,10.658008,17.561393,-3.30193341085904,3.76517996333633
2.5690912,11.560221,15.768236,10.611255,17.742828,-3.86976909759414,4.72125420264162
2.607536,11.510974,15.749065,10.517748,17.609139,-3.27041623267025,4.82436287605191
2.637424,11.530673,15.768236,10.508398,17.628238,-3.15370890971516,4.86133013690553
2.668768,11.481425,15.816164,10.583203,17.685533,-3.66584602238605,4.96980067229058
2.7089392,11.471576,15.796993,10.601904,17.685533,-3.85251971160204,4.91665641680862
2.7416544,11.402629,15.758651,10.564502,17.695082,-4.17251273402511,5.1332756622069
2.7703152,11.491275,15.777822,10.583203,17.628238,-3.55930228580018,4.78933123557726
2.8139584,11.501124,15.701137,10.611255,17.618689,-3.89580986872801,4.5543406887777
2.853888,11.570071,15.643624,10.779567,17.561393,-4.27504747801146,3.78108498788767
2.8825408,11.589770,15.634038,10.826320,17.532746,-4.30394813757037,3.55506686394112
2.9166336,11.609469,15.595696,10.863723,17.532746,-4.52068613929616,3.35193905288252
2.9649824,11.688264,15.499841,10.816970,17.408607,-3.93539733025512,2.90753296451107
2.9964896,11.678415,15.394400,10.873074,17.408607,-4.61008208980983,2.61800659445154
3.0264944,11.757211,15.423156,10.929178,17.475451,-4.65044096434257,2.44985800139407
3.0677056,11.698114,15.384814,10.957230,17.370410,-4.74535439548399,2.28466793296612
3.1089168,11.816308,15.269787,11.022684,17.370410,-4.98240733996985,1.64524118940766
3.1389504,11.845856,15.250616,11.069438,17.389508,-5.19159301806088,1.46088593049012
3.1837872,11.836007,15.145175,11.060087,17.332213,-5.39923049219986,1.2309474630099
3.2302848,11.826157,15.164346,11.172295,17.370410,-5.93338387556101,1.0818544034194
3.2615184,11.865555,15.097247,11.153594,17.284467,-5.64715548492498,0.77111352648955
3.3014816,11.865555,15.087662,11.181646,17.408607,-6.26293549032085,0.89919002887471
3.3317568,11.816308,15.087662,11.219048,17.332213,-6.31313110507389,0.797355039395441
3.3626992,11.845856,15.087662,11.256451,17.341762,-6.37212172998202,0.652939279403871
3.3939328,11.855706,15.039734,11.247100,17.341762,-6.48976485940984,0.569807882561989
3.4336592,11.914803,15.126004,11.284503,17.303566,-5.90375356897888,0.421022091029528
3.464064,11.895104,15.039734,11.293854,17.360861,-6.58028139625143,0.396204259381662
3.4952,11.816308,15.135590,11.237750,17.399057,-6.44419870448024,0.948053071585719
3.5378496,11.698114,15.183517,11.190996,17.408607,-6.58592493689105,1.44274016497723
3.5666128,11.648866,15.221860,11.088139,17.456352,-6.42120344269442,1.95650125337302
3.6152352,11.698114,15.193103,11.125542,17.456352,-6.48038254713425,1.69799128416128
3.6563952,11.658716,15.221860,11.078788,17.475451,-6.41849416636858,1.98752084528342
3.6875296,11.678415,15.241031,11.050736,17.494549,-6.22829429107752,2.07229931280677
3.718928,11.648866,15.183517,11.041386,17.456352,-6.39834874818407,2.00528406265339
3.7487824,11.727662,15.241031,10.975931,17.485000,-5.71048406464134,2.11825010711941
3.7915008,11.698114,15.221860,11.022684,17.609139,-6.55355259667101,2.25301977760234
3.8402528,11.678415,15.260202,10.966580,17.551844,-6.04946876879357,2.40533341699645
3.8750112,11.737512,15.260202,10.957230,17.551844,-5.77696674211024,2.28443355258636
3.9236432,11.668565,15.250616,10.891775,17.570943,-5.91604176801209,2.62752817591139
3.9525184,11.629168,15.317715,10.975931,17.570943,-6.12412966818415,2.63084757984675
3.98408,11.609469,15.260202,10.975931,17.532746,-6.28966852557146,2.51839922011589
4.0249552,11.639017,15.269787,10.985282,17.542295,-6.20393857277807,2.45575800827101
4.0536272,11.737512,15.269787,11.013334,17.532746,-5.87888309171957,2.13235579920702
4.0837568,11.737512,15.250616,11.041386,17.456352,-5.77236022976871,1.90347382601152
4.128968,11.737512,15.298544,11.022684,17.494549,-5.65440580322365,2.09382884464441
4.1565616,11.737512,15.298544,11.013334,17.465902,-5.510170371752,2.06829491927183
4.1878928,11.767060,15.241031,11.050736,17.437254,-5.65536968730001,1.76089011474792
4.2191264,11.737512,15.288959,11.060087,17.418156,-5.54476055094651,1.85843614844756
4.2590192,11.796609,15.269787,11.088139,17.465902,-5.67260911680225,1.69603592650117
4.2903872,11.767060,15.250616,11.041386,17.408607,-5.47259927823309,1.75130650457242
4.3204032,11.806458,15.250616,11.060087,17.370410,-5.2408054874406,1.5462031154349
4.3603888,11.737512,15.279373,11.022684,17.418156,-5.4409639387701,1.93286221881385
4.391568,11.747361,15.288959,11.013334,17.341762,-5.03652079619856,1.81879320095483
4.421584,11.757211,15.394400,11.088139,17.418156,-5.15151806588767,1.92057937830127
4.4676704,11.796609,15.346472,11.032035,17.379959,-4.82701958679607,1.81591915880704
4.5125248,11.806458,15.298544,11.069438,17.303566,-4.83032814766,1.49157335246726
4.5438688,11.747361,15.317715,11.078788,17.284467,-4.95263679854124,1.61194764398793
4.5754016,11.757211,15.356057,11.144243,17.341762,-5.22737132856376,1.59182056483939
4.6253408,11.757211,15.308130,11.190996,17.274918,-5.34244636334671,1.28482865390274
4.6544288,11.648866,15.356057,11.144243,17.341762,-5.66051769825409,1.85362010223889
4.6850432,11.619318,15.403985,11.060087,17.456352,-5.70243013689333,2.40270604277287
4.7363536,11.471576,15.538183,11.022684,17.551844,-5.97677795908824,3.23675975952189
4.766616,11.442027,15.365643,10.929178,17.580492,-6.54327525258922,3.29868718954866
4.797752,11.432178,15.519012,10.826320,17.647336,-5.82906660488783,3.94117827021075
4.8379088,11.333683,15.547768,10.854372,17.790574,-6.75796921076691,4.39788839180341
4.8715408,11.225339,15.662795,10.723463,17.886066,-6.59729523422404,5.3336367633264
4.910416,11.215489,15.681966,10.629956,17.991107,-6.60340117821808,5.79196714189328
4.9500544,11.097295,15.787407,10.564502,18.096148,-6.8041569643429,6.58913910860639
4.9815888,10.959402,15.854506,10.461644,18.229836,-7.20553185165308,7.51405285456197
5.0115696,10.929854,15.864092,10.452294,18.248934,-7.32278811770675,7.65767166014411
5.0438416,10.949553,15.921605,10.405540,18.287131,-6.97940246649344,7.87723259500937
5.0904608,10.959402,16.036632,10.312033,18.325328,-6.26932488484841,8.32965513540137
5.1313984,10.979101,15.969533,10.349436,18.248934,-6.31203430110427,7.95969181690006
5.1662736,11.087446,15.912020,10.330735,18.115246,-5.53028746819947,7.43070953430582
5.2079472,11.107145,16.007875,10.396189,18.077049,-5.17188717124372,7.30771851583653
5.2451296,11.116994,16.036632,10.358787,18.134344,-5.09351828874094,7.51332920699289
5.2749648,11.107145,15.988704,10.330735,18.029303,-4.8174225169301,7.36630164137946
5.3300032,11.126844,15.979118,10.274631,17.991107,-4.41667329143701,7.38219688711722
5.3577216,11.185941,15.931191,10.237228,17.981557,-4.19220900841264,7.23582578456884
5.3989856,11.185941,15.883263,10.283981,17.914713,-4.30655840321523,6.93431715530869
5.4501984,11.136693,15.787407,10.414891,17.800123,-4.95070563522598,6.38977727983254
5.4818128,11.363231,15.681966,10.620606,17.695082,-4.85053098504672,4.96656302954947
5.5115744,11.412479,15.605282,10.695411,17.666434,-5.13656151901511,4.48643912345053
5.571864,11.560221,15.528597,10.873074,17.475451,-4.80156363115628,3.24292392147223
5.603008,11.698114,15.480670,10.994632,17.360861,-4.46941523625389,2.33876871287043
5.6379136,11.727662,15.432742,10.947879,17.332213,-4.25450077374932,2.25192821435665
5.6824288,11.599619,15.327301,11.022684,17.265369,-5.21907701941734,2.09087424510374
5.7152288,11.678415,15.413571,10.957230,17.160328,-3.9037229627357,2.02659151711405
5.7752512,11.934502,15.672381,10.947879,17.122131,-1.68289727089279,1.8008511485848
5.8164544,12.200438,15.691552,11.275152,16.721066,-0.285781603117133,-0.264890108258601
5.8466016,12.308782,15.681966,11.378010,16.644672,-0.00544868950250617,-0.910473935396958
5.8816352,12.387578,15.720308,11.508919,16.491885,0.531164205729533,-1.59892624330383
5.9179568,12.298933,15.653210,11.452815,16.520533,0.0358871221897934,-1.32689887646211
5.9485472,12.151190,15.758651,11.359308,16.778361,-0.762074049643856,-0.13469148197661
5.9789664,12.032997,15.777822,11.106840,16.959795,-0.873197718246078,1.08667217996673
6.0239408,11.973900,15.835335,11.060087,17.208074,-1.65381370061658,1.8536857474385
6.0600944,11.501124,16.257099,10.386839,18.105697,-2.70826855840702,6.78747150840575
6.0913456,11.402629,16.496738,9.788396,18.611803,-1.80797039112209,9.68681722529327
6.1401616,11.067747,16.765134,9.554629,18.764590,-1.75715017700386,11.7703835808961
6.1928032,9.885808,17.378609,8.460601,19.910492,-4.18853883078207,20.3200261464253
6.2254352,9.068301,16.338910,8.011769,20.397500,-11.9590965595912,23.1437110023727
6.2752896,8.822063,16.367275,7.918262,20.569385,-13.1853747348816,24.3987668183308
6.3052192,8.644773,17.119799,7.918262,20.196967,-9.3274426962169,25.4166588333905
6.3363296,8.644773,17.215655,8.114627,20.321107,-10.1507710846394,25.1295502976832
6.4016096,8.694020,17.196484,8.105276,20.330656,-10.0259804030132,25.0013283072365
6.4378912,8.694020,17.234826,7.581638,20.960902,-10.2703155825814,27.380723528294
6.4803936,8.940257,17.311510,7.403976,21.037295,-8.54907429073691,27.3709421538643
6.5190672,9.373635,16.889746,7.955665,20.741270,-9.46829542201235,23.6157892622959
6.5490576,9.738066,16.439225,8.628913,20.321107,-10.7712856589162,19.5418432751471
6.5824592,10.191142,16.027046,9.302161,19.719508,-10.8696253555306,15.0477606005207
6.6203776,10.437379,15.672381,10.031513,19.280246,-12.3903910075094,11.2979845000661
6.6501552,10.969252,15.145175,10.938528,18.669098,-13.4543447086717,5.86460540495937
6.6811792,11.313984,14.263304,11.901647,17.781025,-15.9662810712606,-0.281119298047695
6.7223616,11.688264,13.544388,12.864766,17.332213,-19.2719532765473,-5.48907044685545
6.7539808,12.220137,12.154482,14.136457,16.339098,-23.9631232055459,-14.0530249829428
6.7830496,12.436826,10.917946,15.688668,16.860476,-35.4892155272626,-19.2022681913833
6.81644,13.500570,10.189444,16.605033,16.048854,-34.3254747627771,-26.3191924756344
6.8677616,14.495369,8.310675,17.427014,13.507705,-32.6291956694509,-39.92808246157
6.9050912,15.795501,7.285021,19.521114,12.039056,-33.4804957438663,-51.8606623758302
6.9391536,15.736404,6.316880,19.391963,10.309529,-31.8759175621937,-59.2486912224189
6.9779584,16.475116,5.243298,20.369825,8.241826,-29.5339958117789,-71.4056166180606
7.0178128,16.359042,5.061172,21.117059,7.893988,-32.4692506949608,-73.9241676709459
7.0511632,17.217977,4.859876,23.275735,8.000272,-37.206412336704,-77.5385365612848
7.0901744,17.676727,4.629823,24.641052,8.106555,-40.9413948593583,-79.7483770402726
7.1202048,18.008588,4.658579,24.733303,7.893988,-38.8799062016289,-80.7355259392558
7.152392,18.848001,5.080344,24.391974,7.555812,-30.9544854784209,-80.9332596744405
7.1814224,19.726457,5.981386,23.921493,7.720069,-22.2824324028701,-78.0226056617117
7.2227712,20.370658,7.419219,23.146584,8.580001,-14.2023843796038,-71.2035372848115
7.2653888,19.804542,7.716371,22.187172,8.744258,-12.514140777615,-68.2879633033197
7.2938736,19.121299,8.003938,21.301561,9.063110,-12.0813386985867,-64.8080823331291
7.345184,18.906565,8.454459,20.840305,9.826421,-12.2155106628972,-60.6661150255579
7.375272,19.052974,8.473630,20.600452,10.010002,-11.3661526971191,-60.0060189613528
7.4079712,19.248187,8.665341,20.286799,9.816758,-8.05446650146174,-59.8621412632286
7.4727568,20.722041,9.393843,20.637353,10.067975,-1.98021497534389,-59.5381521631648
7.5077792,22.879138,10.189444,21.587540,10.338515,3.92378655793925,-60.4828099695713
7.547768,23.699031,10.352398,22.279423,10.444799,4.42104707048,-61.4841860742429
7.5827536,23.943046,10.246957,22.593077,10.377164,4.05004473551442,-62.4783973247722
7.6091168,22.849856,10.036075,21.772042,10.464123,2.27814129137912,-60.7209478012967
7.6441376,21.024620,9.806022,20.268348,10.473786,0.429185627843234,-57.3997031576921
7.6875536,18.848001,9.106276,18.589378,10.048650,-2.497784550717,-55.3228364324607
7.7313728,16.425868,8.176478,17.605554,9.121083,-8.84204905074792,-55.6598798398358
7.7654176,15.401521,8.195649,16.866852,9.179056,-10.5612875575468,-52.6962282825243
7.8164512,15.253779,9.039177,16.689189,9.971353,-9.94182715190468,-47.4286998232659
7.8441296,14.938596,9.700581,16.464773,10.782975,-10.7663782464629,-42.4862771637942
7.8779552,14.111239,10.898775,16.165552,11.990745,-12.6940900120107,-34.3344110159326
7.9151392,13.589216,11.886087,15.969188,13.623651,-16.0700851108265,-26.875911023041
7.946608,13.077042,11.732718,15.791525,14.541557,-21.5675025480602,-23.8578476361425
7.9766352,14.081690,10.477010,16.773345,14.309665,-25.267886577404,-30.9275097273547
8.0116336,13.608915,9.039177,16.670488,13.256489,-29.8558959750093,-35.8058756287321
8.046344,11.402629,7.064553,14.323470,11.092164,-34.1628606107002,-38.1584666631714
8.0775456,9.669119,6.575690,12.733856,10.609056,-38.7006056668154,-33.5213522453536
8.1076992,8.664472,6.844086,11.406062,11.401353,-41.1233799200152,-23.9246472169339
8.1589344,10.437379,8.090208,12.490739,12.386894,-31.5552857945328,-24.9318968823479
8.189048,15.893996,12.250338,17.493346,17.465902,-23.2630866924599,-25.1265596230866
8.2192112,18.203800,15.260202,18.441776,23.271803,-23.6395497594384,-15.6339169685059
8.2613648,16.504664,13.592315,17.240878,19.948689,-22.7030051005108,-18.8410546347564
8.301712,13.924098,11.703961,14.407626,17.055287,-22.0089130902672,-17.6408304728674
8.3315648,12.850504,11.071315,13.753079,16.501434,-25.1888001329129,-16.45515835193
8.3654656,13.569517,11.445151,15.090225,17.227172,-27.4589248091104,-18.4694975264938
8.4027456,14.909047,11.914844,16.137500,17.179426,-23.2561994407245,-22.1951568084074
8.4338288,15.480317,11.339710,16.034642,17.102030,-22.6910414568545,-24.3378495903484
8.4653392,14.682509,10.639965,15.221134,15.672030,-21.3360953496558,-25.7780393511371
8.515528,14.465820,10.429083,15.314641,15.430476,-22.645695866321,-26.5279943595954
8.5454592,15.106037,10.841262,15.791525,15.865273,-21.3406808035061,-26.7886673910161
8.5766,15.303027,11.023387,15.473602,15.681692,-18.069592469212,-26.5693748471983
8.6163216,15.303027,10.975459,15.426849,15.391827,-17.0974332519845,-27.2048467194094
8.6479792,15.125736,10.927531,15.389446,15.198584,-17.2152424282002,-27.3282403570495
8.6774816,15.066639,11.100071,15.221134,15.130949,-15.9144434225714,-26.6771011386295
8.7151696,15.480317,11.358881,15.258537,14.947367,-12.6594855430487,-27.3527172200282
8.7616,15.982641,11.742304,15.211783,14.435273,-7.13533545372843,-28.4631540425627
8.8000512,16.317524,11.876501,15.221134,14.290340,-4.82483950412071,-29.1067984427189
8.836512,16.406169,11.866916,15.361394,14.184057,-4.6463617767297,-29.7658388792811
8.8825072,16.337223,11.771060,15.417498,14.077773,-5.09494424074492,-30.1825315548943
8.9163248,16.031889,11.713547,15.398797,14.087435,-6.46722838354486,-29.7083466208714
8.9541888,16.100835,11.723132,15.548408,14.357975,-7.69148297932117,-29.4898996580031
9.0053536,16.150083,11.761475,15.791525,14.396624,-8.36540573687227,-29.8425937176158
9.0352976,16.090986,11.694376,15.922434,14.261354,-8.83953398051098,-30.40734704045
9.0689136,16.002340,11.636862,15.969188,14.019800,-8.70979100437233,-30.9865737057173
9.1076992,16.219029,11.723132,16.090746,13.787908,-7.13288198610448,-31.8989582676391
9.1375856,16.376621,11.723132,15.987889,13.469056,-4.9871109443371,-32.7004137122727
9.1689232,16.613009,11.847745,16.006590,13.159867,-2.53328605184359,-33.5527931286921
9.211696,16.809998,11.876501,16.006590,13.072908,-1.35493216018396,-34.0202318014255
9.2404672,16.407846,11.876501,15.754122,12.609124,-0.1835642705312,-33.9427109602766
9.2703104,16.583537,11.809402,15.679317,12.348245,1.52002385210918,-34.871425731861
9.3025248,16.778749,11.627277,15.763473,12.155002,1.99202640858952,-36.2245178156902
9.3516144,16.983722,11.406809,15.941136,11.865137,2.36885380544187,-38.0762684089999
9.3816192,17.422950,10.937117,16.427370,11.575272,1.49091546466454,-41.4267732571272
9.4139648,17.452232,10.553695,16.399318,11.420678,0.839042610471032,-42.7484505158662
9.4641568,17.559599,10.390740,16.380617,11.208110,1.52760042893737,-43.8265164865607
9.4976816,17.862178,10.275714,16.502176,11.043853,2.41915217105783,-45.2007118339397
9.5250432,17.862178,10.189444,16.259058,10.898921,3.62232745020355,-45.4055489681164
9.5804096,17.940263,9.997733,16.474124,10.889259,2.36754024252153,-46.3803144017674
9.6204672,18.028109,9.873121,16.474124,10.531759,3.64835286699116,-47.7639172698133
9.6478528,17.920742,9.853949,16.474124,10.541421,3.11769791168117,-47.62274400603
9.6999152,17.725530,9.825193,17.025813,10.811961,-1.0040373656004,-47.5441848501472
9.7289072,17.247259,9.988147,16.932306,10.985880,-2.56220880398105,-45.7897699765491
9.7601984,16.485931,10.323642,16.277760,11.517299,-3.78934389460979,-41.2983220480934
9.8001072,16.563761,11.119243,15.754122,12.744394,-3.02466541799864,-35.6493404017064
9.8299184,16.169782,12.307851,15.239835,14.821759,-5.74010684536479,-26.829452235733
9.8599072,15.381823,13.055524,14.164509,15.816962,-5.60454133564069,-19.8094735862716
9.8923088,15.155284,13.477289,13.818534,16.387030,-5.66997681649254,-16.7691544336575
9.9311008,15.027241,13.899053,13.322949,16.986084,-4.93581131716761,-13.6159398905685
9.9622896,14.603713,13.889468,12.864766,17.169665,-5.58327453560409,-11.5006449977243
9.9964224,14.268830,13.803198,12.303726,17.430544,-6.10755878006312,-9.30217647226069
10.0448208,14.160486,13.707342,12.172816,17.382233,-6.24330797362096,-9.05202378988284
10.0763536,13.914249,13.726513,12.228920,17.797706,-8.83924377049269,-7.8569666339917
10.1063744,13.717259,13.506046,12.172816,17.778381,-10.2116073151713,-7.73874100672929
10.1501744,13.776356,13.247236,12.369180,17.942638,-12.2984532142841,-8.46485944300348
10.1766208,13.865001,12.988426,12.761908,17.768719,-13.7554573923135,-10.2893306610751
10.2141104,13.815754,12.787129,13.014377,17.865341,-15.9901082147311,-10.9140185102369
10.2542272,13.835453,12.528319,13.257494,16.339098,-12.3891887134386,-14.879642155277
10.2887888,13.776356,12.221581,13.538014,17.981287,-20.6649255621636,-12.7694703390655
10.3186816,13.796055,12.154482,13.753079,17.990949,-21.6222116517662,-13.3644332846629
10.35144,13.963496,12.116140,13.668923,16.434590,-15.387905421506,-16.6311914042088
10.3904624,14.022593,12.365365,13.453858,16.520533,-13.658288459368,-15.6437318893846
10.4213472,13.855152,12.748787,12.827363,16.606475,-10.8152418626248,-13.0572342685358
10.456552,13.559667,13.247236,12.079310,16.730615,-7.67919811445121,-9.60095632289327
10.5104992,13.195236,14.234548,11.144243,17.246270,-3.60822874268863,-3.90998855580287
10.5416128,12.653514,15.193103,10.255929,17.800123,-0.693122785404101,2.06892366077237
10.5732736,12.397428,15.528597,9.975409,18.096148,-0.444683233033498,4.41214284623836
10.60924,12.259535,15.662795,9.750993,18.229836,-0.108577138829226,5.73595268408671
10.644048,12.101943,15.796993,9.563980,18.325328,0.155341710924753,6.95940145023438
10.673744,11.934502,15.796993,9.395668,18.315779,0.196263261859854,7.7886607270696
10.705336,11.885254,15.787407,9.348915,18.420820,-0.26108666200115,8.18258925645361
10.7464128,11.717813,15.768236,9.414369,18.468566,-1.43389739359685,8.48677429500889
10.7864592,11.629168,15.749065,9.545279,18.392172,-2.07074539639491,8.2287221423655
10.8168336,11.589770,15.701137,9.517227,18.497213,-2.71438582823456,8.49047680958085
10.8579904,11.491275,15.806578,9.526577,18.535410,-2.8703799404612,8.94327149992826
10.907912,11.570071,15.835335,9.507876,18.487664,-2.18819311796859,8.7601808795404
10.9514448,11.707963,15.710723,9.704240,18.201189,-1.78679154880729,7.26218545645915
10.9991088,11.964050,15.739480,9.853851,18.077049,-0.766827495966213,6.09176256680561
11.0300896,12.072394,15.643624,9.966059,17.895615,-0.449413308725659,5.09569634063867
11.0586976,12.180739,15.595696,10.059565,17.752377,-0.020312392262104,4.28516794305841
11.1113632,12.131491,15.595696,10.106319,17.647336,0.0146966817319786,4.11861082232609
11.1414752,12.170889,15.729894,10.125020,17.656885,0.580188069556175,4.21198737526628
11.1715968,12.249685,15.710723,10.022163,17.609139,1.39967037857476,4.16126520562405
11.2127584,12.298933,15.749065,10.003461,17.504098,2.22406511630039,3.97646193671557
11.2566224,12.249685,15.806578,9.975409,17.513648,2.32879013662446,4.27688861490191
11.3040608,12.318632,15.758651,9.900604,17.465902,2.89345846547666,4.13391784538047
11.3553568,12.426976,15.835335,9.909955,17.389508,3.86977769020174,3.844979978381
11.393944,12.417127,15.873677,9.928656,17.246270,4.47359441859457,3.64987518527415
11.426616,12.614116,15.816164,10.022163,17.112582,5.16581995665627,2.62202676227091
11.465352,12.643665,15.844921,9.984760,17.064836,5.7274736968592,2.60937685398605
11.5166496,12.732310,15.787407,9.975409,16.912049,6.49592556446988,2.06343499376905
11.5641904,12.791407,15.768236,10.012812,16.873852,6.6504222640523,1.7325679494111
11.6079776,12.801257,15.892848,9.919305,16.845205,7.65075280262196,2.09730743523998
11.6392944,12.860354,15.883263,9.938007,16.835656,7.80018144873468,1.87650499011077
11.6739696,12.870203,16.017461,9.891253,16.864303,8.41370858814016,2.23963722633525
11.710144,12.899751,16.017461,9.844500,16.854754,8.75189408973103,2.26530358027926
11.7414368,12.840655,16.084560,9.788396,16.902500,8.81563509718629,2.73697636123616
11.7812544,12.830805,16.103731,9.704240,16.797459,9.61914880232043,2.82259696251981
11.8325984,12.801257,16.218757,9.657487,16.835656,9.97271705281589,3.2644043759553
11.8636896,12.870203,16.305027,9.592032,16.883402,10.6211046249182,3.47801791154109
11.895072,12.752009,16.391297,9.573331,16.978893,10.1900485997353,4.11255829265084
11.9448864,12.653514,16.496738,9.405019,16.931148,11.098137182444,4.86446558438937
11.9761824,12.683063,16.515909,9.405019,16.978893,11.0828733730889,4.9005680455938
12.0061696,12.623966,16.611765,9.358265,16.997992,11.3319330362347,5.34953013359053
12.0586496,12.604267,16.563837,9.292811,17.036189,11.1936229224789,5.5452270494408
12.088712,12.495922,16.554252,9.236707,17.007541,11.1043139108333,5.89356151119303
12.1186608,12.426976,16.688449,9.227356,17.141230,10.8362164623088,6.52151156368892
12.173744,12.505772,16.678864,9.320863,17.188975,10.5156651871975,6.15240561780411
12.2099968,12.486073,16.640522,9.302161,17.122131,10.6497345930798,6.07905574387472
12.2399216,12.446675,16.640522,9.320863,17.141230,10.3491644342662,6.16143127677165
12.2814176,12.426976,16.611765,9.348915,17.131680,10.0935768297848,6.07892675751799
12.311184,12.476224,16.621351,9.255408,17.160328,10.5770547781214,6.25099736805078
12.3425184,12.436826,16.602179,9.320863,17.208074,9.89753488246429,6.23183479280724
12.3725488,12.328481,16.640522,9.274109,17.246270,9.67164142631644,6.74272621131061
12.4253152,12.367879,16.650107,9.236707,17.227172,10.0845551328572,6.72249977603939
12.454192,12.338331,16.707621,9.218005,17.341762,9.79789511132411,7.11808956265241
12.4866016,12.328481,16.669278,9.180603,17.389508,9.57642822755276,7.25176689092507
12.523784,12.308782,16.650107,9.161901,17.456352,9.23589212907547,7.42402536656959
12.5714928,12.318632,16.659693,9.143200,17.379959,9.69507922709962,7.34031591633988
12.6065504,12.259535,16.630936,9.255408,17.427705,8.71726146205013,7.23680288145921
12.6563408,12.308782,16.506324,9.227356,17.408607,8.62610227219959,6.95462963385974
12.687768,12.279234,16.573423,9.161901,17.437254,8.91630171972114,7.34643890231271
12.7174336,12.308782,16.583008,9.274109,17.437254,8.60782863350156,7.00512178588084
12.7713376,12.338331,16.525495,9.264759,17.427705,8.57966439606074,6.84757632509766
12.8100448,12.318632,16.515909,9.246057,17.370410,8.7781094443548,6.8371397715897
12.8413424,12.318632,16.429639,9.218005,17.322664,8.76248830729169,6.69290776729818
12.8813024,12.338331,16.477567,9.320863,17.313115,8.63712768041245,6.44674314659965
12.9128608,12.367879,16.458396,9.348915,17.408607,8.17581642453114,6.42504515887038
12.9439584,12.397428,16.439225,9.395668,17.379959,8.14160239117128,6.1578466290728
12.984144,12.436826,16.381712,9.423720,17.284467,8.34628223466762,5.74322209236293
13.0137584,12.407277,16.362541,9.442421,17.313115,7.97190297683875,5.785547056037
13.0448656,12.417127,16.381712,9.423720,17.246270,8.42706896310152,5.73050355833742
13.07884,12.515621,16.266685,9.498525,17.169877,8.37143857836923,4.98859849342389
13.124928,12.476224,16.295442,9.526577,17.208074,8.06326388207039,5.12588535717307
13.1576384,12.515621,16.276271,9.489175,17.179426,8.40662654707757,5.04300795393007
13.1862944,12.495922,16.190001,9.507876,17.169877,7.97093941254259,4.88892089536204
13.227648,12.555019,16.180415,9.620084,17.141230,7.81927938931601,4.40242367574622
13.2576496,12.604267,16.180415,9.648136,17.141230,7.89113857456051,4.21201002295872
13.288704,12.545170,16.151658,9.638785,17.179426,7.4442903348125,4.39608714862935
13.3213328,12.604267,16.113316,9.666837,17.103033,7.7175309497927,3.9926920513386
13.3600928,12.771708,16.122902,9.750993,17.026639,8.35054659154193,3.2660536254359
13.3900816,12.722461,16.074974,9.704240,16.959795,8.44593983301712,3.31016738142456
13.4502224,12.643665,16.065388,9.741643,16.950246,8.00080674775531,3.37979186661762
13.4813136,12.752009,16.103731,9.779045,16.988443,8.24599451145859,3.1505337622444
13.511272,12.811106,16.046217,9.779045,16.959795,8.36767591489111,2.86321918691878
13.542368,12.742160,15.959947,9.816448,16.873852,7.98107918971896,2.65227915546678
13.5925472,12.683063,15.998290,9.769695,16.892951,8.01495021389985,3.00713003217587
13.6236768,12.791407,15.988704,9.816448,16.912049,8.11987926839773,2.64437411917028
13.6536992,12.761859,15.988704,9.835149,16.931148,7.85605126207004,2.70272331079354
13.694832,12.791407,15.931191,9.844500,16.826107,8.13802473264862,2.33544822703215
13.7263424,12.830805,15.873677,9.891253,16.892951,7.61032021511352,2.1417797082651
13.7564976,12.860354,15.864092,9.900604,16.854754,7.80198809319976,1.96697077439852
13.7876336,12.929300,15.902434,9.947357,16.883402,7.90079628488603,1.80005336697203
13.8261984,12.889902,15.835335,9.984760,16.845205,7.50390048143503,1.62727361445376
13.8762864,12.870203,15.835335,9.881903,16.835656,7.88365020920787,1.90768041980089
13.9087456,12.860354,15.844921,9.928656,16.835656,7.69363146160518,1.8344371852033
13.9477248,12.870203,15.816164,9.947357,16.864303,7.43128160847628,1.76514780828635
13.9788224,12.860354,15.825750,9.881903,16.797459,7.96509904991432,1.85081242116247
14.0100528,12.870203,15.825750,9.975409,16.797459,7.62395550499201,1.60048407464178
14.0513488,12.860354,15.816164,10.040864,16.845205,7.09447307143505,1.53078015349431
14.0912848,12.909601,15.825750,10.022163,16.826107,7.46822057080553,1.44104303409923
14.121384,12.850504,15.835335,9.947357,16.873852,7.39078843373784,1.86129825215951
14.1538448,12.860354,15.758651,10.022163,16.807008,7.1064659859375,1.41377231613148
14.1929664,12.850504,15.883263,9.994111,16.921598,7.19099197530938,1.90941550742935
14.224088,12.909601,15.864092,9.966059,16.912049,7.49229677033494,1.78613708788463
14.2564464,12.840655,15.825750,9.919305,16.854754,7.50775409201669,1.90469983682953
14.3048656,12.830805,15.816164,9.881903,16.902500,7.39266025226892,2.08370481851422
14.3349424,12.752009,15.844921,9.863201,16.988443,6.93247935984079,2.51358812854905
14.3662912,12.752009,15.959947,9.807097,17.017090,7.47718493096762,2.89055039741917
14.4065152,12.692912,16.017461,9.760344,17.131680,7.19811253731366,3.43494956344665
14.4362736,12.663364,16.046217,9.722941,17.103033,7.46103772426343,3.59900084409309
14.4674,12.673213,16.027046,9.620084,17.131680,7.72544049284911,3.8429723232039
14.4988896,12.623966,16.046217,9.582681,17.150779,7.68608227300054,4.11951612803397
14.5390752,12.623966,16.084560,9.592032,17.188975,7.6384527220365,4.22254731456935
14.5687216,12.594417,16.094145,9.601383,17.227172,7.37144627460091,4.35085170385864
14.5987776,12.564869,16.142073,9.582681,17.284467,7.28526081278635,4.64225210148401
14.6399856,12.584568,16.190001,9.517227,17.313115,7.68790587229473,4.8802287289501
14.6802032,12.535320,16.170830,9.470473,17.284467,7.73479239331539,5.03988129502729
14.7253264,12.476224,16.276271,9.489175,17.341762,7.60253070714486,5.40469881933831
14.7662896,12.456525,16.285856,9.395668,17.379959,7.7876006535622,5.76343272124876
14.8052064,12.387578,16.333784,9.339564,17.504098,7.4341267196454,6.35248800027707
14.8367152,12.348180,16.391297,9.330213,17.427705,7.84820668530518,6.44412078167407
14.8778432,12.358030,16.314613,9.292811,17.408607,7.82502116372194,6.35920115835241
14.9077808,12.367879,16.343369,9.330213,17.485000,7.5106989921782,6.40985453742217
14.9473696,12.426976,16.429639,9.330213,17.504098,7.97973941394861,6.43102562409715
14.9904544,12.328481,16.391297,9.292811,17.475451,7.73229313734241,6.66373459821362
15.027384,12.298933,16.372126,9.255408,17.532746,7.46840559920712,6.8928003006869
