0.0346432,12.184655,15.894889,9.300729,18.077049,-3.43661970796655,-1.5995016992325
0.0649168,12.224072,15.875721,9.291377,18.124795,-3.51027994611366,-1.62966979361936
0.0986672,12.293051,15.914058,9.338135,18.057951,-3.01840036568199,-1.96562527374892
0.1407984,12.194509,15.933226,9.253971,18.124795,-3.25493375098169,-1.36965189013644
0.1772816,12.135384,15.914058,9.244620,18.153443,-3.63287227797539,-1.1818197768936
0.2098288,12.224072,15.914058,9.263323,18.134344,-3.28963760697464,-1.48293857377067
0.2586672,12.214218,15.923642,9.207213,18.096148,-2.91749820459595,-1.36215091822943
0.2897888,12.145239,15.961979,9.188510,18.124795,-3.07483176065942,-1.03432675950543
0.3208368,12.273343,15.961979,9.244620,18.096148,-2.69145609048723,-1.54438608907411
0.3710592,12.243780,15.933226,9.244620,18.067500,-2.80174804680938,-1.56126473025201
0.4020944,12.263488,15.971563,9.253971,18.124795,-2.84279832754873,-1.4824372333319
0.4346176,12.243780,15.904474,9.253971,18.115246,-3.13825883460029,-1.55459102456986
0.4758784,12.263488,15.923642,9.282026,18.134344,-3.17518409445253,-1.61384311931084
0.5158832,12.233926,15.875721,9.291377,18.057951,-3.20812615036528,-1.76098357271934
0.545832,12.253634,15.914058,9.282026,18.153443,-3.32521494064994,-1.57397660449
0.6010208,12.194509,15.875721,9.328784,18.105697,-3.69646121159865,-1.67980743531073
0.6484672,12.145239,15.779878,9.300729,18.143893,-4.2974766894677,-1.57691628310035
0.6783344,12.125530,15.837384,9.356838,18.134344,-4.33454679251859,-1.59224222023293
0.729768,12.105822,15.933226,9.319432,18.229836,-4.26869902995213,-1.14471862216688
0.764928,12.135384,15.846968,9.328784,18.258484,-4.63699014505803,-1.33394825520078
0.8059136,12.135384,15.856552,9.291377,18.248934,-4.41552640227881,-1.23963405522648
0.8435536,12.086114,15.856552,9.235268,18.172541,-4.08418657343111,-1.09445670324597
0.874928,12.007281,15.875721,9.300729,18.239385,-4.83682328234521,-0.924335103808964
0.907288,12.135384,15.885305,9.319432,18.172541,-4.11424757608975,-1.38589798897488
0.9446048,12.115676,15.866137,9.272674,18.229836,-4.30600795514778,-1.15777871496826
0.977184,12.046697,15.894889,9.338135,18.315779,-5.05599331628049,-0.967591781476663
1.0057968,12.066405,15.914058,9.310081,18.229836,-4.45834950774689,-1.05197713003696
1.0398944,12.076260,15.885305,9.272674,18.239385,-4.42193869327075,-1.01272505815967
1.0774272,12.145239,15.837384,9.319432,18.172541,-4.26139672193211,-1.48686615651979
1.1086464,12.145239,15.846968,9.282026,18.229836,-4.30260745843603,-1.28636307321203
1.138704,12.184655,15.894889,9.347487,18.220287,-4.18516545953058,-1.48948865814097
1.179816,12.184655,15.827800,9.328784,18.134344,-4.03243500433489,-1.68572938680173
1.2109552,12.184655,15.866137,9.356838,18.077049,-3.76910106456181,-1.78651694974022
1.2422416,12.263488,15.856552,9.310081,18.134344,-3.54379455414702,-1.79102635758615
1.2759936,12.293051,15.837384,9.347487,18.057951,-3.34993299603795,-2.11154087675079
1.3135152,12.391592,15.837384,9.356838,18.010205,-2.81974020714285,-2.45789462808427
1.3435488,12.312759,15.789463,9.412948,18.067500,-3.75437720035897,-2.38610388157579
1.3784496,12.362030,15.799047,9.375542,17.981557,-3.04103697126132,-2.53835515631979
1.4235504,12.362030,15.799047,9.319432,17.962459,-2.74310401062449,-2.4287095753323
1.4685392,12.283197,15.799047,9.319432,18.010205,-3.23573566737648,-2.15436081061344
1.4973392,12.293051,15.856552,9.338135,18.010205,-3.05048430728283,-2.13384099408745
1.5374336,12.322613,15.885305,9.356838,17.981557,-2.78715437013298,-2.25456923913438
1.5687136,12.381738,15.827800,9.347487,18.019754,-2.89507047465493,-2.40998240373829
1.600064,12.381738,15.846968,9.319432,17.943361,-2.40773761636458,-2.43170787358967
1.6319904,12.332467,15.827800,9.328784,17.962459,-2.78330558097983,-2.33187387392136
1.6708672,12.362030,15.856552,9.403596,17.952910,-2.81791798112364,-2.5620315905902
1.6996672,12.371884,15.808631,9.375542,17.972008,-2.92857478845134,-2.56291795029961
1.7410848,12.302905,15.731957,9.403596,17.962459,-3.56263311337945,-2.59943315676641
1.7923216,12.381738,15.664867,9.422300,18.000656,-3.74211505514879,-2.88979487053843
1.8224288,12.411301,15.674452,9.441003,17.943361,-3.43872533841771,-3.08728566225572
1.880984,12.401446,15.684036,9.497112,17.914713,-3.54825097846553,-3.23330760621853
1.9300144,12.431009,15.597778,9.534518,17.943361,-4.02747099315009,-3.49322189566728
1.9645936,12.490134,15.559440,9.618683,17.886066,-4.05301347522436,-4.00389355531786
2.0159136,12.519696,15.434845,9.646737,17.895615,-4.56824827802615,-4.33449992022923
2.0472528,12.519696,15.415677,9.749605,17.857418,-4.89636418568452,-4.68216239440954
2.0972576,12.529550,15.329418,9.815066,17.790574,-5.18740517830657,-5.11996926659495
2.1484544,12.549259,15.291081,9.861824,17.761926,-5.33080421993305,-5.39405481094488
2.1795904,12.598529,15.223992,9.871175,17.742828,-5.3619089815144,-5.68096746229941
2.2098304,12.657654,15.108980,9.917933,17.714180,-5.65053438155595,-6.17975630963351
2.2622416,12.637946,15.099396,9.908582,17.771475,-5.952450598281,-6.028927192837
2.2909008,12.618238,15.156902,9.936636,17.781025,-5.95200045340738,-5.93717932220615
2.3212272,12.578821,15.128149,9.871175,17.761926,-5.88726086146381,-5.76083792848737
2.3622752,12.637946,15.128149,9.908582,17.828770,-6.06413137853014,-5.88511740724472
2.3936624,12.598529,15.176070,9.917933,17.905164,-6.36509888004202,-5.60481755413476
2.4234864,12.490134,15.204823,9.917933,17.914713,-6.71309366558105,-5.276297557195
2.4560784,12.598529,15.156902,9.908582,17.886066,-6.32908747902333,-5.64558815090379
2.4961984,12.519696,15.176070,9.871175,17.895615,-6.45349052185048,-5.31351742221698
2.5249376,12.519696,15.166486,9.908582,17.943361,-6.82241718912256,-5.34183840657332
2.554624,12.490134,15.195239,9.861824,18.019754,-6.94070271646974,-4.98091944464801
2.5972944,12.480280,15.166486,9.871175,17.952910,-6.86831686429487,-5.13774156413601
2.6394992,12.539405,15.204823,9.843121,17.876516,-6.08025961431095,-5.27703634889769
2.6685728,12.519696,15.176070,9.889878,17.866967,-6.41471503119597,-5.40692443188484
2.72468,12.578821,15.185655,9.927285,17.781025,-5.95704100956033,-5.77017277400907
2.759728,12.618238,15.156902,9.936636,17.857418,-6.24994091648368,-5.80978191268929
2.789824,12.539405,15.118565,10.020801,17.800123,-6.81215781699907,-5.98231885254228
2.8249328,12.559113,15.147317,9.992746,17.752377,-6.3273152574501,-5.99371260572513
2.8621728,12.608384,15.137733,9.983394,17.781025,-6.24762841628133,-6.0591477273829
2.8921776,12.608384,15.195239,10.030152,17.742828,-6.05687960046984,-6.14066309727664
2.9283504,12.637946,15.166486,10.076910,17.685533,-6.01264895932944,-6.47007632914834
2.9735648,12.549259,15.089812,10.076910,17.599590,-6.32274337536693,-6.52795367900284
3.0032064,12.618238,15.080228,10.142371,17.542295,-6.12230441793998,-6.96764677236471
3.0360032,12.657654,15.070643,10.170426,17.570943,-6.22726284745124,-7.0988020523776
3.0885344,12.726633,15.156902,10.207832,17.551844,-5.69433050187607,-7.24206920586267
3.15876,12.746342,15.022722,10.282645,17.532746,-6.35668935667192,-7.72911991884167
3.2099712,12.736488,15.051475,10.273293,17.465902,-5.98610291454702,-7.74773232882398
3.2387312,12.766050,15.003554,10.207832,17.389508,-5.50265066562158,-7.87329720696089
3.2685936,12.766050,15.041891,10.245238,17.427705,-5.6494551209305,-7.83272875061322
3.3111312,12.805467,15.032306,10.254590,17.418156,-5.53261472317027,-7.9825512004985
3.364624,12.854737,15.051475,10.179777,17.418156,-4.97377115460913,-7.88850608822198
3.4121392,12.825175,14.984385,10.254590,17.399057,-5.56764450985338,-8.14436293440953
3.4536944,12.913862,15.022722,10.273293,17.379959,-5.07278301355203,-8.36869944846179
3.482128,12.904008,15.022722,10.273293,17.389508,-5.14834551876721,-8.32880447262868
3.5149744,12.904008,14.936464,10.310699,17.313115,-5.33054328497127,-8.69723360877727
3.5560736,12.992695,14.936464,10.376161,17.227172,-4.90597403546146,-9.21291298253697
3.5947968,13.091237,14.763947,10.422918,17.179426,-5.18919049396116,-9.93996741806784
3.6270368,13.140508,14.773532,10.535137,17.112582,-5.13851517961388,-10.4212964353281
3.6684656,13.248903,14.763947,10.572544,17.112582,-4.9023694346782,-10.7805330250411
3.7070192,13.091237,14.716026,10.507083,17.026639,-5.10612567279518,-10.4903019403979
3.738584,13.071529,14.725610,10.535137,17.055287,-5.36823762292575,-10.4428998138929
3.7797984,13.022258,14.763947,10.460325,17.017090,-4.96653537671442,-10.1489131709463
3.8086608,13.032112,14.850206,10.553840,17.141230,-5.44683066645267,-10.0260220785618
3.8387008,13.041966,14.783116,10.516434,17.179426,-5.67235760098321,-10.0112470326212
3.8809392,13.032112,14.773532,10.516434,17.188975,-5.78532301540145,-9.98800799745965
3.9310336,13.032112,14.716026,10.488379,17.188975,-5.89975863798194,-10.0219088359461
3.9760464,13.041966,14.811869,10.535137,17.208074,-5.74546939120661,-9.95552050734961
4.0272656,12.963133,14.754363,10.516434,17.284467,-6.50149628280124,-9.691933840363
4.0632624,12.963133,14.706442,10.516434,17.265369,-6.61442332384729,-9.80847457846543
4.0947888,13.012404,14.716026,10.497731,17.255820,-6.27427418379495,-9.88084028894849
4.1349696,13.051820,14.716026,10.516434,17.208074,-6.00716595859022,-10.1015742841705
4.176032,13.041966,14.677689,10.647356,17.227172,-6.77936967351448,-10.4207250577577
4.2060496,13.051820,14.658520,10.609950,17.160328,-6.41013809355297,-10.5063645081416
4.2449392,13.120799,14.677689,10.600598,17.188975,-6.14152826841832,-10.5629837595109
4.2874976,13.061674,14.658520,10.666059,17.150779,-6.55299204332137,-10.6783941810242
4.3198992,13.061674,14.668105,10.581895,17.141230,-6.15026752611143,-10.4801299418458
4.3482848,13.041966,14.648936,10.619302,17.131680,-6.41085773570337,-10.572233619898
4.3922224,13.032112,14.725610,10.656708,17.217623,-6.63004650199506,-10.352531625208
4.440992,13.061674,14.677689,10.600598,17.198525,-6.40920239445473,-10.4071103597325
4.4710144,12.992695,14.620183,10.628653,17.179426,-6.93879166709235,-10.4447482078145
4.5274256,13.022258,14.601015,10.647356,17.122131,-6.7477209104033,-10.6928811111811
4.5621072,13.032112,14.687273,10.628653,17.198525,-6.59638313762362,-10.3867974496546
4.597304,13.002550,14.716026,10.628653,17.179426,-6.52522568187502,-10.3002303941605
4.6448304,13.041966,14.677689,10.675411,17.122131,-6.47998332797822,-10.6706648636906
4.6835456,13.032112,14.648936,10.666059,17.122131,-6.59443140114489,-10.6759364906937
4.725008,12.992695,14.744779,10.666059,17.093484,-6.26234093692647,-10.4652433256486
4.7548128,13.061674,14.658520,10.628653,17.150779,-6.40732666492564,-10.5903782853503
4.7848352,13.012404,14.687273,10.684763,17.150779,-6.70590508469092,-10.5560821291679
4.8187888,13.032112,14.706442,10.684763,17.160328,-6.59121161586453,-10.5521634615638
4.859824,12.963133,14.744779,10.647356,17.179426,-6.63966129162997,-10.2011437982536
4.897024,12.943425,14.744779,10.666059,17.208074,-6.90072775349931,-10.1487943731256
4.9282192,12.913862,14.706442,10.712817,17.169877,-7.19975156427362,-10.3230073889642
4.979736,12.953279,14.716026,10.666059,17.179426,-6.86332879395528,-10.272240558761
5.0098208,12.913862,14.725610,10.722169,17.160328,-7.12388645116627,-10.3282472014653
5.0410544,12.982841,14.716026,10.778278,17.064836,-6.73851649175053,-10.8067636724367
5.0908544,13.012404,14.639352,10.768927,17.093484,-6.99778143901749,-10.9386435341383
5.1234624,13.032112,14.639352,10.815685,17.055287,-6.95391268280747,-11.161773362819
5.1524896,13.071529,14.735194,10.787630,16.978893,-6.01963942379618,-11.1541128386004
5.1959232,13.110945,14.706442,10.853091,17.017090,-6.3814992175356,-11.3825574631202
5.2335824,13.041966,14.716026,10.787630,17.036189,-6.43265186046723,-11.0177633285456
5.2999536,12.992695,14.639352,10.825036,16.902500,-6.54968541081835,-11.3612937812567
5.333592,12.943425,14.744779,10.740872,17.045738,-6.5602954985847,-10.6091236492223
5.3748,12.884300,14.668105,10.806333,17.036189,-7.31011273662923,-10.7755828798604
5.40872,12.933571,14.601015,10.890497,16.959795,-7.41034924644922,-11.3425780715457
5.448552,12.854737,14.668105,10.834388,16.940697,-7.16381663205292,-10.9404081938341
5.4774208,12.835029,14.763947,10.862443,17.007541,-7.23401189317504,-10.6735497030536
5.5073008,12.835029,14.763947,10.937255,16.969344,-7.37613477393126,-10.9166002515308
5.5510848,12.815321,14.744779,10.890497,16.950246,-7.27297061493813,-10.8276633263809
5.5785136,12.775904,14.831037,10.918552,16.912049,-7.04970640294246,-10.7163499040092
5.6099264,12.785758,14.859790,10.881146,17.045738,-7.2722786557352,-10.3667752917338
5.6532224,12.766050,14.984385,10.853091,17.055287,-6.79060882379061,-10.0204228176992
5.7122864,12.667508,14.936464,10.806333,17.131680,-7.47832389222458,-9.62747935367084
5.7409904,12.549259,15.195239,10.497731,17.284467,-6.32324399178973,-7.90130295140516
5.8036192,12.490134,15.310250,10.441622,17.370410,-6.22159258772605,-7.28299859515438
5.8336,12.194509,15.549856,10.076910,17.523197,-5.61192686061952,-5.01780782024196
5.8635632,12.135384,15.712789,10.030152,17.523197,-5.0241234479469,-4.48757686647931
5.905016,11.987572,15.837384,10.011449,17.609139,-5.37824612079422,-3.73041486671513
5.96508,11.997426,15.808631,9.899230,17.656885,-5.19882049945888,-3.44507360723916
6.0011376,12.155093,15.827800,9.871175,17.637787,-4.32722149074205,-3.76686929511954
6.0460192,12.529550,15.482766,10.133019,17.217623,-3.58873227834972,-6.5980364384256
6.0771408,12.933571,15.118565,10.226535,16.940697,-2.70678468110064,-8.89505183181539
6.10744,13.288320,14.725610,10.516434,16.635123,-2.79181741330964,-11.6527947312296
6.1485584,13.840152,14.323071,10.834388,16.453689,-2.75938651944805,-14.7219990774365
6.1785936,14.864984,13.450904,11.217803,17.750807,-8.64313099908243,-17.0802928310695
6.2085856,15.830690,13.010028,11.573163,17.373939,-6.57480892348851,-21.3883224910432
6.2409472,16.402231,12.645827,11.647975,17.122695,-5.13757984528886,-23.8793298364124
6.2810112,16.759228,11.457379,11.881765,16.359297,-6.27002502982624,-28.9317667857491
6.3100224,17.003244,11.189020,11.853710,16.098389,-5.25014220233957,-30.4542257158525
6.3410576,17.237499,11.093177,11.722788,16.146705,-4.39963318349726,-30.7570732991837
6.3817408,17.393668,11.189020,11.498350,16.281991,-3.09429478624528,-30.141430282706
6.4121872,17.286302,11.371121,11.199099,16.542899,-2.6622176764676,-28.4222284394495
6.4421696,16.739707,11.687401,10.572544,17.132358,-3.39071320505031,-24.20565723958
6.4760592,16.816105,12.243288,9.955339,17.934409,-1.72968118424065,-20.4487091868588
6.5136112,15.988357,12.760838,9.272674,17.103033,3.14549261758523,-17.7484823952277
6.554912,14.382130,13.355062,8.720931,18.497213,-4.13142647790612,-9.11782555782311
6.5898064,11.445594,14.974801,8.487142,21.533852,-19.9875616362782,6.21264821451182
6.6258176,9.918201,15.367755,8.702228,23.271803,-31.4638577155261,12.5891697879234
6.6558928,8.755411,14.620183,9.263323,24.369959,-45.1313958201748,14.668989213554
6.6873104,7.691163,13.690511,9.497112,24.876066,-56.6231686817061,16.4441688391268
6.7209728,7.099914,13.259219,9.833769,25.124344,-63.3135661628586,16.937475988373
6.7587296,6.902831,14.332656,9.899230,24.646885,-57.8375640274106,18.0564759903829
6.7909984,6.932394,15.866137,9.618683,23.329098,-45.5925371012569,19.0395170960575
6.8198384,6.932394,16.680798,9.366190,22.278689,-37.6442318697332,19.4832124164029
6.8709168,6.774727,18.144829,8.468439,19.175205,-17.396357115718,20.6134057954676
6.9010672,7.267435,19.118701,8.879908,17.576868,-6.46566189201564,17.0621642992945
6.931352,7.701017,18.986330,9.805714,16.639532,-5.18975205310488,11.608668386995
6.9746432,8.558328,18.352841,12.087499,15.180379,-7.60166274540614,-0.150491265227721
7.0221712,10.134992,16.792754,14.986489,14.165737,-14.7639807986673,-15.4017576266912
7.053448,11.435740,16.086575,15.893592,11.923860,-7.3308832384448,-25.8642231420975
7.0984912,12.155093,15.741541,15.837482,10.880228,-1.50280485633522,-30.1286666211021
7.134824,12.982841,14.648936,16.192842,10.348749,-1.81939480384524,-36.0592891805715
7.1658784,13.741611,14.255982,16.585608,10.329422,-1.90811011421329,-39.1874513493606
7.2261776,14.539797,14.150555,16.660421,10.058851,1.52528022377047,-41.6502241473069
7.2675312,16.283981,13.815106,16.164787,9.324443,11.7777758505039,-46.3585572571183
7.3002304,16.837313,13.863027,16.361171,9.073198,14.1335183202861,-48.1081892820669
7.3398624,18.359970,13.153792,17.015781,8.821953,15.2505693469369,-53.9030554266144
7.3697008,19.092017,12.157030,17.324383,8.474076,14.5091814654524,-58.811595345307
7.4009888,20.087600,11.869502,17.380493,8.164852,17.964387609543,-61.830109284452
7.4410048,20.643956,11.974929,17.445954,8.213168,19.6789378007619,-62.2857673823399
7.472464,22.332543,12.415805,17.502063,7.865291,27.6083575913359,-64.3474645763375
7.5021648,23.171957,12.387052,17.492712,7.565729,31.3273574414315,-66.2190368639849
7.5349808,23.952807,13.077118,17.502063,7.575393,35.4888412962405,-65.4506638466304
7.573584,24.128498,13.259219,17.053187,7.449770,38.8959767128986,-64.9771350547219
7.6034128,23.845440,12.578737,16.772640,7.208189,38.4224539420829,-66.5811178160878
7.634512,23.064590,12.070771,16.594960,7.082566,36.0019440798266,-67.0155270966568
7.677304,22.303262,11.476547,16.604312,6.995597,32.233638277636,-67.8676858902221
7.7057904,21.532172,10.958998,16.576257,6.995597,28.2677010252694,-68.248624171337
7.7358896,20.731801,10.374358,16.781992,7.101893,22.2583994300007,-68.807176067613
7.7659504,20.399940,9.904729,17.006429,6.956944,19.1220776785492,-70.4252074951347
7.8086544,20.351137,9.645955,16.912914,6.715363,19.536369203441,-71.703572702865
7.8587152,21.190551,9.722629,16.838101,6.444791,24.3048753094593,-73.2518186193653
7.892328,22.898659,10.029325,17.090594,6.290179,30.5315651228319,-75.1879324408038
7.9401888,24.206583,10.326437,17.202813,6.087251,35.9193992418248,-76.5471103863158
7.9700112,26.109904,10.259347,17.230867,5.816679,42.3647232010008,-79.5787827392185
8.0012368,26.900515,10.805650,17.053187,5.787689,46.9780380930598,-78.7823062617263
8.052408,27.466631,11.208188,16.987726,5.884322,49.4122817585588,-77.9481951466107
8.0837424,27.456870,11.064424,16.482741,5.855332,51.3936468582665,-77.8801033630104
8.1133328,27.037163,10.843987,16.071272,5.768363,51.9775107647646,-77.8452284192947
8.1551456,26.754105,10.661886,15.697209,5.797353,52.3360123425236,-77.5655284513057
8.1864448,26.588175,10.451032,15.584990,5.855332,51.5731677258282,-77.6920397669311
8.2161584,26.090383,10.115583,15.482122,5.903649,49.5361245771717,-77.8487402964913
8.2648896,25.621873,10.010156,15.500825,6.000281,47.371395835266,-77.3747818925627
8.299008,24.645811,9.722629,15.706560,6.145230,42.0244549604118,-76.9155180191371
8.3286816,23.952807,9.310506,15.837482,6.338495,37.1217092433276,-76.9091092844767
8.3611504,23.103633,9.253000,16.080623,6.502771,32.3367690695505,-75.8811663308593
8.4123328,22.469192,9.233832,16.594960,6.783005,26.5460246248201,-74.9678552925722
8.44356,21.805470,9.224247,16.594960,6.937618,23.5719643846228,-73.7315525367777
8.493824,21.249114,9.281753,16.866156,7.111556,19.8519135553928,-72.6969080660948
8.5247088,20.741562,9.454269,16.959672,7.179199,17.9580892741252,-71.4697149063721
8.5552176,20.419461,9.847224,16.744585,7.314485,18.5624553392084,-69.2412468359499
8.5972736,20.116882,10.182673,16.884859,7.536740,17.079430706073,-67.4379675532658
8.6373056,19.648372,10.748144,16.819398,7.652699,17.200264880154,-64.8047814151358
8.6676544,19.092017,11.294447,16.286358,7.778321,18.9594282581647,-61.4050412390726
8.698728,18.818719,12.214535,16.305061,8.184178,19.3409651134489,-57.5011270114054
8.7410224,18.662549,12.760838,16.576257,8.503066,18.1321431077113,-55.4630933350669
8.7700288,18.496619,12.895017,16.454686,8.609362,18.0892065518121,-54.420445417276
8.7999136,18.106194,12.693748,16.501444,8.696331,15.4830113970669,-54.1755677759844
8.843712,17.735290,12.272041,16.520147,8.570709,13.1422975220531,-55.0185996043551
8.88128,17.003244,12.329546,16.623015,8.986229,8.49644816667846,-52.8104921310406
8.9113008,16.544494,12.712916,16.781992,9.256800,6.42554022683934,-50.6806893908482
8.9427488,16.697855,12.933354,17.286977,9.691647,3.96836572620943,-50.1435472997082
8.9823152,16.096752,13.067534,17.707798,10.271443,-1.6864578494533,-48.1458716323529
9.013504,15.180316,13.010028,16.532178,10.764269,-2.68840864145007,-43.5766636399086
9.0448512,14.993088,12.952523,16.873507,11.015514,-5.95681860270212,-43.3941267827357
9.0959712,14.864984,12.933354,16.947308,11.112146,-7.18831059209799,-43.1185167574517
9.1458352,14.569359,12.885433,16.679779,11.228105,-7.94810082776315,-41.9605605869767
9.1759648,14.746734,13.134624,16.504502,11.498677,-6.6481908361092,-40.7673581643426
9.2175552,14.933963,13.268803,16.356900,11.701605,-5.62111674936844,-40.0741853167232
9.2561664,14.884692,13.287972,16.329225,11.827228,-6.11394062545345,-39.6100044536085
9.290056,14.815713,13.201714,17.707798,11.952850,-12.3442314492652,-41.8319299089162
9.3297344,14.559505,13.000444,17.651688,12.049483,-14.2720465171054,-41.5245170893112
9.3651136,14.372276,12.942939,17.586227,12.436013,-16.3976818607814,-40.3489537405259
9.4037744,14.017527,13.172961,17.193461,13.141431,-18.0103907938583,-36.9710476402512
9.4361728,13.731757,13.604252,16.828749,13.943482,-18.9789440976322,-33.1779216855321
9.4722512,13.652923,13.872611,16.417280,14.668226,-19.3262248142597,-30.2419527533359
9.5135088,13.327736,13.853443,15.865537,15.170716,-20.5125620543931,-27.5984529007241
9.5761648,12.923716,13.824690,15.257684,15.798828,-22.3116374602742,-24.4232243302575
9.6050624,12.578821,14.045128,14.864918,16.040409,-22.2883641575019,-22.032310034392
9.647328,12.401446,14.179308,14.621777,16.195022,-22.1543443859374,-20.6115068562239
9.6859664,12.115676,14.553094,14.369284,16.436603,-21.7602641780957,-18.3322296162822
9.7184992,11.967864,14.831037,14.116792,16.484919,-20.5194472361696,-16.8777162180682
9.768792,11.938301,15.089812,13.798838,16.687848,-19.1951748626643,-15.2943904359892
9.80884,12.036843,15.108980,13.621158,16.620205,-17.8545407064953,-15.20685150685
9.8411584,11.948156,15.233576,13.275150,16.620205,-16.4693359224074,-14.0242555743014
9.8698992,11.829906,15.271913,13.172282,16.707174,-16.7298668194692,-13.3089134354972
9.9010176,11.908739,15.243160,13.153579,16.803807,-16.8117860309491,-13.3247310537137
9.9408144,12.135384,15.051475,13.181634,16.784481,-16.7042868218376,-14.2643195261831
9.9737072,12.233926,14.955632,13.275150,16.774817,-16.9953188533171,-14.876617040126
10.002168,12.431009,14.831037,13.284501,16.649195,-16.2891034319018,-15.7773109491027
10.0435552,12.578821,14.610599,13.303204,16.475256,-16.015603456385,-16.8537695143315
10.0785632,12.923716,14.486004,13.406072,16.339971,-15.025989854452,-18.2994308403384
10.1060144,13.041966,14.361409,13.490236,16.185358,-14.7947562780577,-19.2492758969665
10.1385456,13.298174,14.188892,13.611807,16.069399,-14.4855996484567,-20.5903869537566
10.1772608,13.603653,14.035544,13.789487,15.808491,-13.5853513494966,-22.3858169044566
10.2074624,13.702194,13.824690,13.901705,15.576573,-13.5874506521839,-23.6728955163806
10.2510048,13.840152,13.805522,14.004573,15.450951,-13.0383178762465,-24.4488065817782
10.31104,14.076652,13.767185,14.088737,15.334991,-12.1490287835105,-25.4024762259176
10.341224,14.273735,13.594668,14.070034,15.219032,-11.5574101004806,-26.330022983442
10.377384,14.293443,13.642589,14.219659,15.199706,-11.7753980770134,-26.6129908659711
10.4297392,14.490526,13.508410,14.182253,15.054757,-10.8593712125474,-27.4856178570195
10.4661136,14.520088,13.508410,14.200956,15.016104,-10.6713315171627,-27.6586728076541
10.4936656,14.608776,13.537162,14.172901,14.987114,-10.0073969262676,-27.7793496140947
10.5451104,14.569359,13.479657,14.172901,14.996777,-10.4165296292952,-27.7969174477252
10.5749472,14.549651,13.498825,14.051331,15.045094,-10.1465183852893,-27.3811328205772
10.6072176,14.549651,13.604252,13.948463,15.064420,-9.4293468841608,-26.9271760309047
10.6559792,14.598922,13.585084,14.023276,15.035430,-9.48448962753875,-27.2706498633337
10.6859328,14.638338,13.719263,14.013924,14.987114,-8.60489784623365,-27.1597443339459
10.7175408,14.638338,13.661758,13.939112,15.016104,-8.65345668653889,-27.06736937964
10.77748,14.648192,13.728848,13.892354,14.977451,-8.03981839232818,-26.9372223190562
10.8297824,14.717171,13.815106,13.808190,14.987114,-7.16957763553218,-26.7167434944487
10.8910368,14.687609,13.891780,13.695971,15.016104,-6.67765623455084,-26.2240236798696
10.9200704,14.677755,13.978038,13.574400,15.025767,-5.96591166799178,-25.7707169937756
10.9511552,14.638338,14.025960,13.471533,15.025767,-5.54374195279701,-25.3889113929539
11.004936,14.579213,14.140971,13.387369,15.199706,-5.67337565585563,-24.5338430219085
11.0523968,14.451109,14.294319,13.331259,15.209369,-5.40225162890691,-23.8418495391424
11.0850528,14.510234,14.447667,13.134876,15.151389,-3.63609173968366,-23.3760738071671
11.1234656,14.569359,14.601015,13.125525,15.151389,-2.80908910379615,-23.1842956659165
11.1548528,14.529943,14.610599,13.050712,15.170716,-2.70725646796533,-22.89374923974
11.1872432,14.569359,14.610599,13.050712,15.170716,-2.56097154829513,-22.9750344245277
11.2250128,14.520088,14.591431,13.078767,15.122400,-2.73736863961505,-23.0604241903388
11.25596,14.529943,14.466835,13.088118,15.083747,-3.05226770914563,-23.41365626314
11.2972912,14.529943,14.390161,13.209689,15.170716,-4.13708807352096,-23.6439079355201
11.34716,14.490526,14.332656,13.228392,15.180379,-4.60859347312107,-23.6936054041869
11.3775616,14.411693,14.342240,13.331259,15.083747,-4.89272387283651,-23.9111748523261
11.4200032,14.451109,14.188892,13.415423,15.219032,-6.15528493671594,-24.1992869121442
11.45872,14.382130,14.150555,13.415423,15.228696,-6.59819142088005,-24.1136857356253
11.5023264,14.382130,14.102634,13.490236,15.354318,-7.53496842354494,-24.1163315251976
11.5310912,14.303297,14.064297,13.490236,15.344655,-7.94487346677386,-24.0478974473852
11.5610768,14.254026,14.054712,13.546346,15.392971,-8.56095885322437,-23.9869499005735
11.6184192,14.293443,14.073881,13.518291,15.431624,-8.37682360050039,-23.8985042647531
11.6585792,14.273735,14.093049,13.462181,15.528257,-8.53028531149118,-23.520001662036
11.7150224,14.185047,14.016375,13.415423,15.392971,-8.48127826080896,-23.6501690826071
11.7463056,14.175193,14.131386,13.359314,15.489604,-8.23057603256495,-23.1056844683037
11.776176,14.273735,14.179308,13.359314,15.547583,-7.88928199996043,-23.105890938408
11.8271712,14.254026,14.284734,13.303204,15.615226,-7.60685116184028,-22.6191205351334
11.8600752,14.273735,14.150555,13.293853,15.547583,-7.75332020126448,-23.0259686853451
11.8997984,14.194902,14.160139,13.303204,15.653879,-8.45050067223064,-22.6606978550831
11.9498064,14.165339,14.236813,13.275150,15.692532,-8.31042053206661,-22.3216729817135
11.9810576,14.135777,14.236813,13.256447,15.586236,-7.95505808994296,-22.4239367206064
12.0099712,14.234318,14.303903,13.219040,15.547583,-7.03916075050626,-22.4965562363293
12.0512192,14.283589,14.294319,13.256447,15.557246,-7.06570775338031,-22.6757822650657
12.0998416,14.155485,14.380577,13.144228,15.615226,-7.02036771782351,-21.9029277028589
12.1446896,14.204756,14.361409,13.200337,15.624889,-7.15351892134152,-22.1400930957442
12.1820656,14.165339,14.476420,13.022657,15.634552,-6.23462797419811,-21.4518476860813
12.2134112,14.076652,14.438083,13.060063,15.702195,-7.11185972115244,-21.2892222739413
12.2448752,14.047089,14.409330,13.078767,15.673206,-7.29474152817788,-21.37547858484
12.2861328,14.086506,14.361409,13.050712,15.644216,-7.11211922006433,-21.544824543385
12.3361984,14.175193,14.351824,13.190986,15.663542,-7.41194085746174,-22.0041518409333
12.3686512,14.165339,14.323071,13.237743,15.566910,-7.37127025855221,-22.3189415714714
12.4173728,14.185047,14.303903,13.293853,15.615226,-7.76093312032444,-22.4206834598252
12.4484224,14.194902,14.150555,13.331259,15.605563,-8.41133041270153,-22.8293611182326
12.477216,14.155485,14.064297,13.303204,15.528257,-8.49747019042009,-23.0034026791996
12.5147344,14.116068,14.045128,13.331259,15.653879,-9.29776726524802,-22.775469732747
12.548648,14.096360,13.987623,13.387369,15.740848,-10.1277958385124,-22.7944641579502
12.5810128,14.056943,13.987623,13.415423,15.769838,-10.4914903388876,-22.7154626841888
12.623496,14.125923,13.901364,13.527642,15.721522,-10.794838199288,-23.3476648639374
12.662192,14.125923,13.815106,13.471533,15.673206,-10.7413648721101,-23.4912665870366
12.6921792,14.185047,13.824690,13.546346,15.634552,-10.6097748049335,-23.8231164853505
12.7222416,14.224464,13.834274,13.602455,15.653879,-10.7000043626158,-23.9630923296797
12.7648192,14.224464,13.824690,13.555697,15.615226,-10.4206139500895,-23.9605542189018
12.7937296,14.175193,13.757600,13.649213,15.595899,-11.1452473645386,-24.218624958107
12.823496,14.283589,13.786353,13.593103,15.547583,-10.22822529665,-24.3635390651325
12.8598992,14.194902,13.748016,13.621158,15.624889,-11.1094997394659,-24.1638939735427
12.8961408,14.323006,13.728848,13.658564,15.615226,-10.791100905058,-24.5577693411494
12.9275232,14.352568,13.728848,13.667916,15.615226,-10.7116923683195,-24.6369408309418
12.9674864,14.352568,13.709679,13.593103,15.576573,-10.3654908325881,-24.5970005858325
13.0174752,14.313151,13.613837,13.686619,15.528257,-11.0558179084583,-24.9883236954646
13.0511152,14.451109,13.700095,13.621158,15.528257,-9.94780504847866,-24.9672596107437
13.0801344,14.451109,13.642589,13.667916,15.547583,-10.414132778807,-25.1365612098066
13.1301136,14.470818,13.556331,13.733377,15.460614,-10.5910728010958,-25.6480789645861
13.1600736,14.490526,13.546747,13.658564,15.499267,-10.4178855630329,-25.4795699179132
13.1937872,14.480672,13.633005,13.770783,15.508930,-10.5747840810495,-25.4985443943103
13.235936,14.569359,13.479657,13.780135,15.489604,-10.7870665323036,-26.0346574197988
13.2748672,14.470818,13.412567,13.705322,15.431624,-10.9358843154339,-25.9316711559271
13.3049248,14.480672,13.556331,13.705322,15.518593,-10.6638918496657,-25.4975377800314
13.3449168,14.470818,13.517994,13.770783,15.547583,-11.1991545829016,-25.6281783127856
13.3972352,14.529943,13.594668,13.705322,15.499267,-10.2547164916974,-25.5598185915261
13.4274064,14.510234,13.546747,13.742729,15.508930,-10.6894889746305,-25.6705153743766
13.472336,14.529943,13.575500,13.677268,15.499267,-10.2244928716091,-25.5407259880383
13.5021696,14.529943,13.613837,13.630510,15.537920,-10.046920720195,-25.2954890717287
13.5322592,14.549651,13.565915,13.649213,15.508930,-10.1172859067401,-25.5237064044281
13.5636688,14.539797,13.604252,13.611807,15.489604,-9.7969484117573,-25.3908723545091
13.6135904,14.579213,13.556331,13.658564,15.460614,-9.89570916094921,-25.7158959323509
13.6547216,14.529943,13.613837,13.621158,15.489604,-9.83275633946186,-25.3710860261872
13.6899088,14.648192,13.604252,13.649213,15.508930,-9.59170965335813,-25.6474112726435
13.7347088,14.618630,13.575500,13.593103,15.431624,-9.31899579596199,-25.6826012324842
13.7672528,14.608776,13.594668,13.583752,15.489604,-9.46441770849224,-25.4924280212748
13.7986304,14.559505,13.556331,13.555697,15.441287,-9.51645404417444,-25.505950974261
13.8472112,14.529943,13.585084,13.621158,15.412297,-9.65560397251902,-25.5791335414015
13.8802096,14.559505,13.585084,13.630510,15.412297,-9.57672210113358,-25.6578552948275
13.909928,14.579213,13.585084,13.602455,15.412297,-9.39637082256712,-25.6409797626913
13.9598992,14.569359,13.575500,13.667916,15.499267,-10.0381442449918,-25.6014343713991
13.989904,14.589068,13.585084,13.583752,15.460614,-9.46891261809415,-25.5282075400421
14.021136,14.589068,13.537162,13.593103,15.450951,-9.65198487100558,-25.6602138133581
14.0599376,14.559505,13.479657,13.555697,15.412297,-9.70373898908031,-25.7139874182438
14.1013712,14.589068,13.546747,13.593103,15.489604,-9.75904343148918,-25.5654624852134
14.1424192,14.618630,13.680926,13.546346,15.547583,-9.17278323196466,-25.1548119653787
14.1850576,14.559505,13.556331,13.546346,15.547583,-9.87766206088918,-25.2784888103321
14.2274144,14.608776,13.489241,13.583752,15.441287,-9.68972006012458,-25.7944749187239
14.267216,14.658047,13.642589,13.611807,15.576573,-9.51943410311362,-25.384828833909
14.3236496,14.598922,13.623421,13.518291,15.499267,-9.18401119174786,-25.2647747435227
14.364776,14.539797,13.709679,13.490236,15.518593,-9.0474476029115,-24.8816287383068
14.4010672,14.608776,13.728848,13.471533,15.518593,-8.64044457545555,-24.9463776948541
14.4374064,14.569359,13.719263,13.406072,15.605563,-8.90803462955229,-24.5826487855896
14.46864,14.549651,13.776769,13.406072,15.615226,-8.7995619971149,-24.4121699165314
14.4984688,14.569359,13.824690,13.368666,15.634552,-8.47400533337799,-24.2459189326801
14.5486704,14.480672,13.834274,13.284501,15.711859,-8.75036535611022,-23.7247251471098
14.5788064,14.529943,13.872611,13.349962,15.673206,-8.51601621105023,-23.9601732405005
14.6098992,14.480672,13.795937,13.265798,15.721522,-8.86325984543763,-23.7416435280888
14.6520272,14.372276,13.834274,13.219040,15.769838,-9.13756756434138,-23.2554597490378
14.7009584,14.332860,13.882196,13.172282,15.905124,-9.43494792337197,-22.7262417177667
14.732328,14.421547,13.891780,13.097470,15.905124,-8.77982139766179,-22.7366339578141
14.7850304,14.332860,13.901364,13.106821,15.934114,-9.22561411625231,-22.4987228756118
14.8138432,14.323006,13.891780,13.078767,15.905124,-9.08735044324795,-22.4936722911982
14.8461664,14.313151,13.978038,13.003954,15.963103,-8.73178115150468,-22.0428942670013
14.9161712,14.391985,14.054712,13.032009,16.030746,-8.49545900132516,-21.991520013856
14.9450544,14.362422,13.987623,13.032009,15.827818,-8.10542113652436,-22.4430407535373
14.9783104,14.401839,13.997207,13.003954,15.818154,-7.77693427830414,-22.4667852965699
15.0158016,14.441255,13.997207,12.985251,15.847144,-7.66542560027482,-22.4544770766705
