0.041504,13.135364,17.228922,10.241518,16.668521,0.868690246319931,-3.76284717897276
0.0698944,13.135364,17.209751,10.260221,16.716838,0.532261621192093,-3.75955809533249
0.1016256,13.046674,17.267263,10.241518,16.784481,0.225815617478569,-3.30370839121826
0.1452512,13.066383,17.276848,10.232167,16.813470,0.251656983600247,-3.26590196787079
0.1840464,13.056528,17.276848,10.157355,16.823134,0.476804154179073,-3.05022422413467
0.2152224,12.938275,17.411042,10.073193,17.006736,0.136578756533506,-2.06108010636168
0.2652848,12.879148,17.458968,10.026436,16.987409,0.360367469142675,-1.76325282483927
0.2964384,12.760895,16.329455,9.876814,17.113031,-4.07945763753354,-2.73920366024418
0.3264368,12.701768,16.433461,9.811354,17.277307,-4.30787511155825,-1.99875693620242
0.3601968,12.672205,16.442916,9.755246,17.277307,-4.15836502939696,-1.77479574674173
0.4077264,12.475116,16.594197,9.577570,17.441582,-4.27497817735492,-0.347510299608683
0.4390768,12.445552,16.745478,9.558867,17.576868,-4.28872115198113,0.227118432523046
0.4688048,12.386426,16.821119,9.465353,17.644511,-4.12446911855312,0.830281905170612
0.5102656,12.287881,16.877849,9.315731,17.634848,-3.6423592446349,1.52155008491967
0.541328,12.159773,16.915670,9.306380,17.683164,-4.1336559903796,2.00020612538729
0.5716448,12.130210,17.019675,9.212866,17.712154,-3.59854397091687,2.51607751747318
0.6141104,12.169628,17.000765,9.222217,17.750807,-3.71505934824819,2.42392345099283
0.6429456,12.110501,16.972400,9.184812,17.692827,-3.6568311463066,2.53332721024687
0.6728608,12.149919,16.991310,9.166109,17.760470,-3.63690356988955,2.61508391081635
0.7065232,12.228755,16.915670,9.203514,17.731480,-3.65882928887711,2.16043342595815
0.7539568,12.189337,16.972400,9.212866,17.731480,-3.63216238022756,2.32402617048544
0.7914896,12.199191,16.981855,9.259623,17.673501,-3.51559608565966,2.10654004332704
0.8289792,12.268172,16.896759,9.325082,17.615521,-3.60530829278684,1.54678524300587
0.867736,12.347008,16.896759,9.306380,17.634848,-3.31607015560005,1.42686489849948
0.8974592,12.376571,16.821119,9.371839,17.489899,-3.16716062072932,0.843577304839066
0.9275056,12.425844,16.707658,9.446650,17.373939,-3.23932689440231,0.171448344655975
0.97016,12.484970,16.622562,9.568218,17.248317,-3.31936066363155,-0.613083803825617
1.0176112,12.583515,16.518557,9.605624,17.219327,-3.37354891190492,-1.16256720975128
1.051552,12.839730,16.348365,9.886165,17.074378,-3.59946841526982,-2.98511006153934
1.1015904,12.889003,17.439798,9.914220,17.026062,0.621409287395267,-1.48750989350556
1.1340832,12.879148,17.334360,9.998382,16.958419,0.144377949480194,-1.94070394671892
1.1628384,12.948129,17.334360,10.026436,17.035725,-0.0304633592909944,-2.04912856712253
1.2026416,12.898857,17.363116,10.054490,17.016399,-0.138394657793429,-1.98353153784821
1.2441664,12.957984,17.372701,10.082544,16.977746,0.148593476518554,-2.23745040172349
1.2763264,12.918566,17.296019,9.998382,17.016399,-0.0836134538965219,-2.00359313626643
1.3188544,12.869294,17.363116,10.026436,17.093705,-0.440050983421681,-1.72314258816671
1.34632,12.869294,17.353530,10.101247,17.074378,-0.694881239434652,-1.94752448666524
1.3763808,12.810167,17.315189,10.073193,17.064715,-0.893650540500888,-1.81581089843991
1.4090624,12.889003,17.267263,10.119950,17.064715,-0.968784520143583,-2.1917853243836
1.4476768,12.948129,17.228922,10.166707,17.093705,-1.19480676298611,-2.4583335957815
1.479192,12.948129,17.171410,10.166707,17.035725,-1.17088937952464,-2.64320005226897
1.507856,12.869294,17.161825,10.213464,16.977746,-1.4437823933723,-2.67548269313916
1.5429152,12.839730,17.171410,10.185410,17.084042,-1.8259470107451,-2.35259095501743
1.578976,12.879148,17.180996,10.222815,17.074378,-1.75956177712507,-2.53534097446818
1.6091232,12.898857,17.209751,10.222815,17.064715,-1.54735159958768,-2.55155127308973
1.6440624,12.889003,17.257678,10.166707,17.084042,-1.26524677123948,-2.28746275788235
1.6914848,12.731331,17.209751,10.017085,17.219327,-1.94743145965395,-1.41438535628793
1.7213808,12.652496,17.372701,9.923571,17.248317,-1.38832059665724,-0.696294666274859
1.7516144,12.701768,17.391871,9.989031,17.335286,-1.74654457186722,-0.805701880399717
1.793888,12.691914,17.420627,9.942274,17.315960,-1.41725001602764,-0.654820752577667
1.8238592,12.593369,17.401457,9.951625,17.267644,-1.68574593138074,-0.545714585129126
1.8543136,12.662350,17.401457,9.989031,17.277307,-1.62425692509423,-0.786947924634113
1.885064,12.632787,17.382286,9.970328,17.344950,-1.9931468213845,-0.594671990555643
1.935064,12.632787,17.382286,9.951625,17.344950,-1.91916829860458,-0.549602420388439
1.9663792,12.642641,17.305604,9.970328,17.286970,-2.004389819096,-0.830067441013195
1.9967216,12.593369,17.334360,9.998382,17.286970,-2.18952749407161,-0.733637119944706
2.0488672,12.682059,17.420627,9.970328,17.315960,-1.56367615269588,-0.698599877055987
2.0900416,12.751040,17.372701,10.026436,17.248317,-1.44251553881477,-1.18055697168231
2.1200656,12.760895,17.276848,10.045139,17.074378,-1.13490335087796,-1.67633437023048
2.169096,12.780604,17.267263,10.119950,17.103368,-1.51101567808034,-1.87165918446733
2.200288,12.869294,17.248092,10.110599,17.016399,-0.878803770244653,-2.23034311292306
2.2316448,12.889003,17.296019,10.091896,17.074378,-0.792834395377144,-2.06372164544333
2.2840912,12.869294,17.257678,10.073193,16.997072,-0.61846044987867,-2.15668133145088
2.3228896,12.889003,17.324775,10.063842,17.026062,-0.386186200277988,-2.02801283062173
2.35512,12.879148,17.391871,10.119950,16.997072,-0.289891396888009,-2.07752887972999
2.4039536,12.928420,17.257678,10.110599,16.929429,-0.286216221570285,-2.49511610049438
2.4341888,12.869294,17.228922,10.119950,16.900440,-0.522480708715019,-2.46921876238503
2.4652352,12.879148,17.257678,10.129301,16.958419,-0.652738573674691,-2.37585194045344
2.5051072,12.879148,17.343945,10.110599,17.026062,-0.539041329468809,-2.08542077008449
2.536488,12.908712,17.315189,10.119950,17.006736,-0.496474238051123,-2.25473575872574
2.5678944,12.908712,17.257678,10.138653,16.948756,-0.545661894452117,-2.48398447371587
2.6014912,12.918566,17.267263,10.166707,17.006736,-0.818427136813522,-2.46590064617413
2.637856,12.908712,17.257678,10.138653,16.987409,-0.699581247417569,-2.42206345189254
2.6691936,12.889003,17.276848,10.166707,17.035725,-1.00501117228738,-2.33399184619199
2.6989888,12.869294,17.324775,10.157355,16.977746,-0.636548565374444,-2.28093434763491
2.7491776,12.859439,17.286434,10.129301,17.026062,-0.889569312859898,-2.17473968495413
2.7802928,12.820022,17.334360,10.091896,17.132358,-1.13264211029218,-1.74608684607322
2.8115712,12.790458,17.353530,10.101247,17.122695,-1.16862338468627,-1.68274585071752
2.8515824,12.770749,17.363116,10.035787,17.142021,-1.02177705253445,-1.43322917249167
2.8824832,12.780604,17.391871,9.979679,17.142021,-0.660449511614111,-1.27687331897509
2.9140848,12.662350,17.439798,9.951625,17.219327,-1.10823201751988,-0.727762697456829
2.9566256,12.573660,17.487724,9.867463,17.383603,-1.57245583154483,0.021686512358535
2.9939744,12.514534,16.338910,9.830057,17.393266,-5.89500969878962,-1.55305487244347
3.02408,12.494825,17.487724,9.848760,17.480235,-2.16448490948473,0.40830817304499
3.0651952,12.514534,16.329455,9.820706,17.451246,-6.1234931257083,-1.45164006609357
3.1316496,12.465261,16.367275,9.708489,17.499562,-5.91271587705302,-0.916646459811926
3.1665952,12.504679,16.490191,9.773949,17.431919,-5.29683736547928,-1.08504862874861
3.2078816,12.504679,16.395641,9.745895,17.315960,-5.07610331800623,-1.35604439383988
3.2414832,12.504679,17.497309,9.792652,17.238654,-0.911747480605955,0.159552466736379
3.2703328,12.544097,16.329455,9.792652,17.296633,-5.28586043692014,-1.70605809905592
3.3013424,12.603224,16.348365,9.839408,17.277307,-5.10343495071635,-1.96544960632839
3.3602624,12.760895,17.487724,9.989031,17.113031,-0.310227947135369,-1.14645787249732
3.4016608,12.780604,17.315189,10.063842,16.997072,-0.692933260693611,-1.83044050433885
3.44652,12.869294,17.411042,10.082544,17.026062,-0.223184639140777,-1.88833662019602
3.4842288,12.918566,17.238507,10.185410,16.881113,-0.495743589270488,-2.75798603613643
3.5141088,12.987547,17.228922,10.194761,16.832797,-0.127911037019304,-3.03712517416933
3.5478976,13.026965,17.190581,10.241518,16.813470,-0.233535569621818,-3.33422500181038
3.6052896,13.026965,17.133069,10.297626,16.871450,-0.893368884884975,-3.4659552062923
3.636424,13.105801,17.142655,10.288275,16.765154,-0.116984757298741,-3.78650303752869
3.696568,13.125509,17.113899,10.306978,16.784481,-0.300862312387313,-3.89220671516145
3.7275776,13.115655,17.085143,10.344383,16.794144,-0.626120180383344,-3.98801189492488
3.7575648,13.026965,17.046802,10.297626,16.765154,-0.779410370272705,-3.77858704020509
3.7988032,13.145218,17.085143,10.306978,16.852123,-0.60230960335986,-3.87535924173403
3.8286976,13.036819,17.075558,10.316329,16.765154,-0.715486036525409,-3.79915940099836
3.8601456,13.026965,17.123484,10.316329,16.832797,-0.848383670006328,-3.58819048908392
3.8939584,12.997402,17.133069,10.297626,16.900440,-1.11438052366975,-3.34930758348092
3.932632,12.957984,17.161825,10.353735,16.929429,-1.48990763382363,-3.29546402970979
3.9626496,12.997402,17.133069,10.316329,16.919766,-1.26524337216661,-3.36222390118391
3.9941072,12.908712,17.056387,10.250869,16.919766,-1.59970326123377,-3.12143802697869
4.0340768,12.908712,17.123484,10.260221,16.939093,-1.47208886349055,-3.00403377057064
4.0639792,12.839730,17.248092,10.250869,17.045389,-1.65646383781354,-2.44739289111793
4.0953216,12.918566,17.190581,10.222815,17.055052,-1.50717263882362,-2.64445967582408
4.1264032,12.928420,17.161825,10.241518,16.987409,-1.38107140011693,-2.86687166596348
4.1776208,12.859439,17.152240,10.250869,16.997072,-1.73878759587992,-2.72528716956858
4.2190832,12.967838,17.190581,10.260221,16.977746,-1.17255560358936,-2.9737641738206
4.2517488,12.918566,17.142655,10.297626,16.919766,-1.43952844023928,-3.11624907578923
4.2990256,12.997402,17.094728,10.278923,16.939093,-1.33103353019306,-3.30463146800985
4.3290256,12.997402,17.152240,10.297626,16.881113,-0.968966667401048,-3.34955966336931
4.3602832,12.987547,17.075558,10.363086,16.842460,-1.38575081856049,-3.66756536439438
4.4099616,13.095946,17.046802,10.391140,16.803807,-1.05801656181322,-4.09821833982625
4.4440192,13.253617,16.845511,10.522059,16.707174,-1.35041668146934,-5.26117276440164
4.4713552,13.273326,16.749658,10.494005,16.687848,-1.4358717222392,-5.43209373799894
4.5116944,13.263472,16.807170,10.503357,16.736164,-1.49344967825373,-5.25599919650396
4.5426768,13.332453,16.826341,10.456600,16.745828,-1.03025270405583,-5.26017350588984
4.5740528,13.283181,16.864682,10.409843,16.823134,-1.19057446149099,-4.84627806503266
4.6065152,13.283181,16.826341,10.400491,16.813470,-1.25256259870702,-4.90327964750256
4.6515424,13.362016,16.855096,10.456600,16.765154,-0.898364459428581,-5.24970153724071
4.6865152,13.312744,16.855096,10.428546,16.765154,-0.963228271274057,-5.0697991718043
4.7191776,13.371871,16.864682,10.437897,16.765154,-0.754743561447016,-5.21336610823574
4.7577504,13.342307,16.816755,10.391140,16.716838,-0.653814920563391,-5.19429635356223
4.787608,13.312744,16.740073,10.381789,16.668521,-0.804881973808049,-5.31015305811866
4.818776,13.302889,16.720903,10.344383,16.658858,-0.721189907926004,-5.24744114706128
4.8663472,13.263472,16.912608,10.325680,16.774817,-0.563138394074302,-4.60416888066434
4.9138848,13.174782,16.950949,10.381789,16.919766,-1.54144480475299,-4.22838429584392
4.9551296,13.056528,17.008461,10.204112,16.948756,-1.16971054928882,-3.39149270527441
5.0039296,12.948129,17.104313,10.176058,17.132358,-1.83162660262811,-2.61804063083293
5.0427296,12.820022,17.180996,10.035787,17.344950,-2.30229130280826,-1.51819789477331
5.0752672,12.780604,17.161825,9.951625,17.344950,-2.18090437648724,-1.25242838316458
5.1253216,12.672205,17.200166,9.960976,17.480235,-3.00492905392399,-0.740578870176147
5.1539952,12.780604,17.248092,10.035787,17.344950,-2.20267561313813,-1.31786612022458
5.2077632,12.820022,17.190581,10.026436,17.228991,-1.77232568107948,-1.664488356961
5.2465472,12.928420,17.065972,10.157355,17.074378,-1.73675179996083,-2.68140400565566
5.2763312,13.076237,16.989290,10.232167,17.035725,-1.62423411053796,-3.39461029531216
5.3091264,13.164927,16.931779,10.288275,16.968083,-1.46661690325568,-3.93849057396659
5.3589712,13.233908,16.855096,10.316329,16.871450,-1.22222764481376,-4.44892400945413
5.3916784,13.371871,16.759244,10.400491,16.678185,-0.637150430195156,-5.44394186275536
5.4202816,13.519687,16.682562,10.484654,16.678185,-0.717590155368557,-6.10947375391792
5.4750816,13.598523,16.605879,10.531411,16.600879,-0.588426076268886,-6.656143286618
5.52132,13.667504,16.510027,10.475303,16.455930,0.118211488030811,-7.09049774348474
5.5578064,13.588668,16.481271,10.465951,16.562226,-0.655036262801584,-6.75632905209908
5.59536,13.529542,16.577124,10.437897,16.620205,-0.642727959068624,-6.29661740780576
5.624096,13.598523,16.711317,10.503357,16.678185,-0.408053789618146,-6.28670880827728
5.6555184,13.509833,16.615465,10.484654,16.629868,-0.800793486111711,-6.27901491328404
5.7053088,13.421143,16.720903,10.540762,16.707174,-1.27070652119606,-5.89949706236774
5.736488,13.371871,16.701732,10.456600,16.823134,-1.6421190571517,-5.42987248034176
5.7668544,13.174782,16.788000,10.232167,17.016399,-1.91737069433493,-3.98510912313298
5.8063968,12.879148,16.950949,9.904868,17.132358,-1.55578491825483,-2.05188424225025
5.840064,13.046674,17.094728,9.811354,17.315960,-0.794017096700962,-1.70628511490587
5.8674896,13.214199,16.931779,9.960976,16.987409,-0.0633765782206126,-3.25068139798234
5.9002096,13.322598,16.883852,10.138653,16.823134,0.0992190495244447,-4.272023861245
5.9527744,13.637941,16.692147,10.428546,16.436603,0.927219384038841,-6.64053106153562
5.9981344,14.012410,16.375833,10.933520,15.798828,1.66812456231813,-10.2762506172169
6.0418496,14.613531,15.877399,11.765793,14.590920,3.55630890658583,-16.5032830310086
6.070192,15.303343,15.407721,12.766391,13.634257,4.15144362290353,-22.7625049996714
6.1128272,15.894609,14.832605,13.748287,12.648605,4.22335041141771,-29.017170551855
6.1662736,16.495731,14.228733,14.748885,11.363391,5.37999713723062,-36.0406464023576
6.2043504,16.791364,14.046613,15.450238,11.121810,3.89877784859481,-38.7485171471694
6.2566272,16.613984,14.056198,15.796240,11.199116,1.6082571040127,-38.847856117321
6.3153008,16.545003,13.950760,15.927159,11.431034,-0.447188428762313,-38.6746110134107
6.34636,16.426750,13.586520,16.058078,11.479350,-2.87467815752263,-39.3991233864579
6.3778128,16.249370,13.452326,16.067430,11.276422,-3.24002455506813,-39.8671762267432
6.4200496,16.121262,13.500252,16.254457,11.305412,-4.38274962053085,-39.7952753381212
6.4479872,16.071989,13.538593,16.366674,11.199116,-4.44587576822185,-40.057588609372
6.479296,16.032572,13.644031,16.488242,11.189452,-4.64309934512854,-39.982875397451
6.5200832,15.717229,13.586520,16.750081,11.199116,-7.06635141062416,-39.9986636784788
6.5516144,14.692367,13.423570,17.507543,12.010830,-17.4567138355466,-38.0852904359268
6.5815136,13.835030,13.318132,16.439926,12.271738,-18.2284053279887,-34.2637650216086
6.6202368,13.184636,13.298962,16.735130,12.242748,-21.9252436760545,-33.7022018884934
6.6539424,12.484970,13.423570,16.818156,12.281401,-24.7476979416129,-32.1600871297826
6.6840512,11.795159,13.941175,16.753580,12.436013,-25.8001636646744,-29.2102942874391
6.7141968,11.302436,14.660070,16.753580,12.725911,-25.9223079661149,-26.080920339015
6.7613424,10.937822,15.359794,16.430701,12.832207,-23.7432539495756,-23.0135644679481
6.8076704,10.770296,16.979705,16.731378,12.832207,-19.0392911838825,-20.1079954705722
6.8378192,11.548798,17.066951,14.402883,11.875544,-2.9702630416366,-18.492098802864
6.8874512,12.218900,17.501884,14.505749,12.455340,-1.64771175699314,-18.2017548413998
6.9189136,12.810167,16.556377,14.870453,12.184768,-3.31960197349852,-22.5604018972426
6.9501328,13.115655,16.883852,14.571208,11.807901,1.71417472164643,-22.6712591366007
6.9900416,13.164927,16.500441,14.262613,11.643626,2.45655434704009,-23.2333010233563
7.0201984,13.145218,16.270395,14.000774,11.865881,1.71011684055303,-22.6610831776179
7.0516416,13.036819,16.260810,13.570610,12.281401,1.3378580591961,-20.7037983099527
7.0828192,12.820022,16.807170,12.822500,14.339676,-2.79108082239559,-13.6537100859433
7.1364288,12.209046,17.506895,12.055686,17.286970,-10.8201417028845,-4.37894934279147
7.1654096,11.115202,16.155372,13.336826,16.861787,-23.2191586124745,-7.71278247456525
7.209256,11.026512,15.666523,15.207102,15.972767,-28.9735949287603,-14.0549082974649
7.2553216,11.134911,16.212883,14.468343,13.305707,-13.862732759702,-16.6057051797114
7.2867216,12.209046,18.485212,11.840604,11.247432,18.4302088305526,-12.6571951459013
7.3177696,12.593369,19.288893,11.204710,10.947871,26.7951131770834,-11.119177879972
7.3678464,13.923720,19.251072,11.045737,10.252116,35.016016643827,-15.2150253886754
7.4013968,14.968291,17.889542,11.101845,9.720637,36.3516612136312,-21.4326278586024
7.440296,15.805919,17.133136,11.419792,9.227810,37.4711959801555,-26.5428871179055
7.479216,17.071568,17.478139,11.550712,8.425760,45.675504756481,-30.3866147836291
7.51036,17.969545,16.471281,11.878010,8.454750,43.575495577934,-34.9463354706765
7.540328,19.804542,16.773843,12.270768,8.251821,48.687472623333,-38.7775492496182
7.5817456,21.395524,16.584742,12.654175,7.923270,52.1532921321657,-43.2789204518079
7.6116336,23.503818,16.903023,13.486448,7.488423,56.3501329485108,-48.102105113957
7.6489024,24.460359,16.241639,13.720232,7.179199,57.4081463478845,-52.0176840808965
7.6853664,24.538444,15.321453,13.505151,6.734689,58.4896758424573,-55.0289395321765
7.7242032,24.509162,14.727167,13.215258,6.541424,59.3003245732832,-56.5029668721001
7.7538432,24.606768,15.273527,13.364880,6.638056,59.6754495091414,-55.276813918078
7.7877296,24.860545,16.232054,13.290069,6.754016,62.349409653382,-52.9801252315979
7.8253632,25.153363,17.468554,12.972122,6.898964,66.6291556442667,-49.8005316069201
7.8562272,24.958151,18.362296,12.354931,7.275832,69.2843408445268,-45.8456716895706
7.8861888,23.699031,19.714371,11.354333,7.556066,72.9298217553852,-38.9393815479925
7.9215664,21.932358,19.931838,10.204112,7.333811,76.4722289774699,-34.0508977874519
7.9574576,21.112466,19.790012,9.175460,6.908628,82.1000164267116,-31.8834556832008
7.987456,20.478025,19.686006,8.474107,6.647720,85.8769928271535,-30.1023704429007
8.018912,20.048558,19.355078,8.230971,6.551087,86.1874533828597,-29.6964525274107
8.071488,19.989994,19.373988,8.174862,6.522097,86.596460369253,-29.4874177828159
8.1101696,20.068079,19.118701,7.978483,6.502771,87.4749982553039,-29.8544923784044
8.1429792,19.716697,18.721588,8.081348,6.464118,85.4412973382805,-30.3239065589591
8.1829376,19.121299,18.608128,8.118754,6.589740,82.8577833910174,-29.1428988035546
8.212824,18.818719,18.957965,8.071997,6.734689,82.3851690952966,-27.3005719193995
8.2453504,18.457576,19.260528,7.950429,6.831322,82.3968683629736,-25.3897027412009
8.2779296,18.262364,20.130394,7.875618,7.159873,82.4589223474022,-22.2445568857837
8.3141568,17.823136,21.132632,7.613779,7.391791,83.9028048320468,-18.1804486942784
8.3476688,17.510796,21.879583,7.333238,7.633372,85.089578621516,-14.9113119402032
8.3753312,16.944680,22.787270,6.893723,7.768658,87.5932078361814,-10.6245566881857
8.4164256,16.850491,23.685501,6.220423,7.903944,92.4232250438463,-6.93688675493985
8.4491856,16.318351,24.479728,5.780908,8.097209,94.4057702518043,-2.85720719914996
8.4979664,15.766502,25.349594,5.341393,8.319464,96.3253258943132,1.43869135803242
8.540352,14.978146,26.644939,4.705499,8.734984,98.6203521749859,7.79335508023351
8.580392,14.761348,27.382435,4.611985,9.082861,98.1149254464247,10.1917170449981
8.6103408,14.633240,27.713362,4.284687,8.995892,100.935900496588,11.757606286807
8.6517408,14.574113,27.609357,4.312741,8.995892,100.465360665062,11.696528634634
8.6965088,14.495278,27.599901,4.359498,9.131178,99.2224425954185,11.9589895042058
8.7341552,14.199644,27.193333,4.696148,9.227810,95.3199898023487,11.4139602616836
8.7853488,14.002555,26.805675,5.388150,9.672320,87.5880733196566,10.1633998102009
8.8165088,13.756194,26.219461,6.033396,9.749626,81.7467007774943,8.37619470932244
8.8462656,13.608377,25.746707,6.332640,9.836596,78.2175379069127,7.41283722894448
8.9001808,13.352162,25.510330,6.519667,9.875249,75.8400160580413,7.30278986154598
8.9361936,12.918566,24.943026,7.230373,10.387402,66.8099517239137,6.4920069574283
8.966504,12.563806,24.593188,7.557671,10.735279,61.4646497524325,6.56098792975751
9.025256,12.278027,24.158255,8.230971,11.218442,53.6182270180458,5.62510382647381
9.0689104,11.982393,23.430214,9.278325,12.010830,41.7379533555969,3.80663008837064
9.101624,11.824722,22.579258,9.652381,12.059146,36.7803822112319,2.03430852721981
9.1416912,11.696614,21.369009,10.269572,12.300727,28.6526496532301,-0.722197449196511
9.1714608,11.686760,20.896255,10.559465,12.667931,24.1038132143987,-1.58478668102111
9.2015712,11.538943,20.726064,10.681033,13.054462,20.7868629964702,-1.16942553700264
9.2540992,11.430544,20.196580,11.186008,13.779206,13.297299074268,-1.82106979971076
9.2828144,11.253164,19.477994,11.569414,14.764859,4.49275534825659,-1.88883013701873
9.323928,11.203892,19.043061,11.681631,14.977451,1.4615731298179,-2.39643977924676
9.3753056,10.996949,17.019675,12.205308,15.363981,-10.4462353903476,-5.87324775552095
9.4041248,11.115202,17.497309,12.728986,15.682869,-11.4267273098404,-6.03918768754509
9.4350656,11.253164,16.989290,13.196555,15.808491,-15.0725335438253,-8.07924898135894
9.4874832,11.489671,16.155372,13.813746,15.847144,-19.8043541945288,-11.3765202972953
9.5177152,11.538943,15.724035,14.103639,15.808491,-22.2198599827639,-12.9593811147601
9.549144,11.647342,15.321453,14.440289,15.827818,-24.6682713087804,-14.6218102787255
9.6003344,11.726178,15.043481,14.627317,15.856808,-26.2344616845728,-15.649910921853
9.6292528,11.834577,14.660070,14.776939,15.914787,-28.0781293385563,-16.8023406314195
9.6603392,11.824722,14.583388,14.842398,16.069399,-29.1991868303553,-16.7763464463276
9.6917616,11.834577,14.592973,14.814344,16.214348,-29.5260421989269,-16.4524310593533
9.740368,11.765596,14.573802,14.786290,16.320644,-30.1561256784108,-16.0855481820359
9.7830464,11.676905,14.564217,14.608614,16.581552,-30.8450633389822,-15.0556880094009
9.8240336,11.548798,14.660070,14.365478,16.668521,-30.4378241284331,-13.9205019569381
9.8639904,11.538943,15.005140,13.851152,16.958419,-28.2900168494161,-11.6373292915258
9.8963232,11.430544,15.235186,13.598664,17.074378,-27.3193744284492,-10.2285076969881
9.9277536,11.400981,15.311868,13.430340,17.103368,-26.6386004808675,-9.60068544969949
9.976512,11.469962,15.609011,13.177852,17.161348,-24.4815002702499,-8.57641259291717
10.006808,11.391126,15.733620,12.897311,17.277307,-23.7121828870395,-7.34935341178938
10.0402576,11.479817,15.858228,12.691580,17.238654,-21.9881928481216,-6.93584405263021
10.0790464,11.617779,16.059519,12.439093,17.200001,-19.5987954199573,-6.39949290585099
10.1090624,11.716323,16.136201,12.354931,17.006736,-17.8991764787503,-6.62774686080114
10.1390624,11.913412,16.222469,12.298822,16.842460,-15.9888278368511,-7.0834776877352
10.180328,12.061229,16.289566,12.242714,16.765154,-14.6686657528311,-7.31107370395283
10.2103424,12.140065,16.279980,12.308174,16.542899,-13.817944457781,-8.03319788889467
10.2429376,12.258318,16.155372,12.224011,16.436603,-13.1252044093523,-8.50501417056282
10.2742016,12.465261,16.126616,12.242714,16.291654,-11.9705939507667,-9.31667892922721
10.3130304,12.563806,16.270395,12.195957,16.301318,-10.9162152243452,-9.1696241532428
10.3429984,12.613078,16.395004,12.121146,16.272328,-9.87044392711388,-8.94796868610716
10.3741904,12.652496,16.433345,12.074389,16.195022,-9.10675145687443,-8.99810916308171
10.4291216,12.652496,16.462100,11.952821,16.108052,-8.19852955276888,-8.822406376385
10.4665088,12.662350,16.740073,11.812550,16.069399,-6.4420806580761,-8.11679617559572
10.4979232,12.731331,16.950949,11.756442,16.040409,-5.08691732777043,-7.83778767521922
10.5489904,12.652496,17.056387,11.672280,15.972767,-4.39796016871674,-7.40186255558932
10.5779888,12.475116,17.248092,11.513306,15.943777,-3.60838348921944,-6.3543328342954
10.6192656,12.455407,17.276848,11.494603,15.972767,-3.61597744399067,-6.16889155912891
10.6689568,12.337154,17.439798,11.485252,16.146705,-4.09936105637908,-5.31408897986092
10.6992848,12.337154,17.430213,11.410441,16.069399,-3.5374787233221,-5.28337811343241
10.7429264,12.337154,16.357820,11.429144,16.127379,-7.80688873448894,-7.03335227153015
10.7916368,12.080938,17.468554,11.410441,16.349634,-5.42861348031046,-4.16113633009869
10.82284,11.972539,17.382286,11.391738,16.484919,-6.59681005665149,-3.78229471811874
10.8528608,11.903558,17.296019,11.429144,16.571889,-7.65214563560487,-3.70667412429721
10.9040576,11.696614,17.257678,11.429144,16.881113,-9.75364166967671,-2.77887970249546
10.93412,11.617779,17.133069,11.513306,16.997072,-11.2793490667706,-2.80543250457347
10.9652448,11.568507,17.027631,11.550712,17.006736,-12.0419833829978,-2.93155591730742
11.0052032,11.617779,17.037217,11.560063,17.035725,-11.9646474456734,-3.00844065346239
11.0567104,11.637488,16.989290,11.625523,17.122695,-12.6467873472434,-3.14705599643434
11.0864064,11.657197,16.931779,11.690982,17.035725,-12.7088057061159,-3.58151827430672
11.127656,11.686760,16.835926,11.672280,16.939093,-12.5246077993954,-3.9201116305819
11.167944,11.785304,16.788000,11.765793,16.987409,-12.8679519875046,-4.37103497793829
11.1992272,11.765596,16.807170,11.737739,16.997072,-12.8007320463141,-4.21194758986909
11.2389168,11.795159,16.730488,11.775145,17.026062,-13.2292224502727,-4.44685288936573
11.2853744,11.814868,16.730488,11.812550,17.006736,-13.2223855656396,-4.61210648155571
11.3203504,11.805013,16.634635,11.859307,16.997072,-13.7632137537057,-4.87141207264046
11.36176,11.775450,16.692147,11.775145,17.026062,-13.4497304683168,-4.46340969724906
11.390328,11.785304,16.759244,11.765793,17.016399,-13.0860310416938,-4.37065267715492
11.4214208,11.736032,16.788000,11.737739,17.006736,-13.0219164466424,-4.1580436627719
11.4541456,11.706469,16.778414,11.709685,16.997072,-13.0284543522379,-4.05395002833805
11.495392,11.785304,16.893438,11.634874,16.997072,-12.0117675843612,-3.87604941075326
11.5253648,11.805013,16.941364,11.616171,16.958419,-11.5397109046711,-3.86334260822498
11.554248,11.814868,17.027631,11.541360,16.900440,-10.674144783545,-3.66443922049327
11.6017728,11.864140,17.085143,11.503955,16.823134,-9.83670037674935,-3.72454401895344
11.6378096,11.913412,17.200166,11.447846,16.774817,-8.82447691992923,-3.60022666488182
11.6666064,11.903558,17.267263,11.429144,16.726501,-8.35461530906723,-3.50249127706683
11.7017728,11.952830,17.343945,11.391738,16.736164,-7.78171196648184,-3.39089454173289
11.7405936,11.933121,17.267263,11.326278,16.687848,-7.69973957378139,-3.39196881672719
11.7692544,11.883849,17.334360,11.326278,16.687848,-7.63371005808325,-3.16681261147823
11.799144,11.893703,17.420627,11.288873,16.794144,-7.5440887943781,-2.79154659762117
11.8516976,11.893703,17.401457,11.298224,16.745828,-7.4646406876307,-2.92209799685057
11.8864384,11.903558,17.276848,11.307576,16.610542,-7.40233597500318,-3.38752060278659
11.9251168,11.952830,17.200166,11.335630,16.581552,-7.50039091750833,-3.74248015816817
11.9726272,11.992248,17.276848,11.354333,16.591215,-7.18024360465952,-3.73916765209122
12.0041312,12.021811,17.276848,11.419792,16.687848,-7.69677901297885,-3.80596137731132
12.0340464,12.071083,17.238507,11.447846,16.610542,-7.46665463748292,-4.17547391513915
12.085672,12.120356,17.161825,11.560063,16.562226,-7.8140311151973,-4.75746024063988
12.1167184,12.080938,17.056387,11.560063,16.484919,-8.05278769451806,-4.96570669614537
12.1476832,12.090792,17.094728,11.634874,16.533236,-8.34799646483722,-5.02070600270798
12.189,12.149919,17.008461,11.616171,16.523573,-8.33964622218418,-5.27292917067573
12.2176384,12.179482,16.998875,11.606820,16.533236,-8.26672658417781,-5.31985146897398
12.2530208,12.169628,16.989290,11.634874,16.465593,-8.18649958435316,-5.48986030728151
12.2891152,12.169628,16.989290,11.625523,16.475256,-8.18770059884393,-5.45210814748854
12.3441472,12.258318,16.903023,11.662928,16.475256,-8.32266066815182,-5.8879951061131
12.3817952,12.218900,16.845511,11.709685,16.484919,-8.89975024127609,-5.98455951539796
12.43292,12.238609,16.807170,11.775145,16.455930,-9.10905406466087,-6.29391368764083
12.47284,12.287881,16.835926,11.756442,16.475256,-8.82109876148674,-6.28434978552478
12.5017712,12.317445,16.835926,11.756442,16.388287,-8.37740795121316,-6.4977491013077
12.5604288,12.287881,16.768829,11.793848,16.368960,-8.80630987366523,-6.66055494254597
12.6043712,12.287881,16.874267,11.756442,16.465593,-8.64167008644272,-6.23658298564254
12.6353984,12.248464,16.759244,11.747091,16.407613,-8.95783472457356,-6.41269970776545
12.6755008,12.297736,16.778414,11.775145,16.465593,-9.03298720793353,-6.46234559283074
12.7052112,12.238609,16.692147,11.793848,16.397950,-9.38782199429518,-6.62677489285096
12.7366144,12.258318,16.759244,11.775145,16.465593,-9.25128735069692,-6.40336920249213
12.7828688,12.317445,16.720903,11.812550,16.533236,-9.57563643737332,-6.57705855503262
12.816848,12.307590,16.730488,11.868659,16.465593,-9.53258798249271,-6.78059822535738
12.8480192,12.297736,16.720903,11.896713,16.378624,-9.37978745823025,-6.98441842256655
12.878888,12.317445,16.653806,11.868659,16.436603,-9.67116874214146,-6.98055296367076
12.9176176,12.327299,16.634635,11.896713,16.397950,-9.66544257433551,-7.16499498457035
12.9476384,12.366717,16.625050,11.887361,16.397950,-9.51823464612957,-7.25018602214558
12.9789248,12.435698,16.653806,11.821902,16.349634,-8.71777101710607,-7.29125082818317
13.0304208,12.445552,16.586709,11.896713,16.301318,-9.03268089762445,-7.68044324253988
13.0603568,12.553951,16.586709,11.943470,16.310981,-8.84567448231211,-8.01830876320508
13.0916672,12.524388,16.529197,11.906064,16.272328,-8.87781931678512,-8.02890520379138
13.1316208,12.514534,16.519612,11.943470,16.214348,-8.87120905063748,-8.20683254766472
13.166512,12.593369,16.462100,12.018281,16.243338,-9.1899852666447,-8.60516595232944
13.2030096,12.583515,16.442930,12.083740,16.030746,-8.73324788430745,-9.12885563833183
13.2352384,12.701768,16.366248,12.065038,16.137042,-8.9150187950852,-9.30319539602479
13.2742,12.780604,16.347077,12.195957,16.059736,-8.89864838210111,-9.94196727467719
13.3064448,12.701768,16.270395,12.214660,15.982430,-9.25334140416491,-10.0738358701909
13.335456,12.829876,16.232054,12.252065,15.963103,-8.98789766657147,-10.5455836376637
13.386672,12.869294,16.222469,12.317525,15.924450,-8.97963337784217,-10.8640187451097
13.4177072,12.908712,16.260810,12.280119,15.924450,-8.5473197268721,-10.8015684637364
13.449144,12.957984,16.155372,12.308174,15.827818,-8.49244432464237,-11.3276374730617
13.5016768,12.898857,16.155372,12.280119,15.740848,-8.26913653971236,-11.286403012606
13.5303488,12.898857,16.126616,12.336228,15.798828,-8.81601927426192,-11.3600503290522
13.560528,12.997402,16.088275,12.373633,15.818154,-8.80978331076738,-11.6957189478148
13.6014112,12.987547,16.078690,12.401687,15.779501,-8.84144490475642,-11.8211954591115
13.664128,12.997402,15.963666,12.476498,15.740848,-9.37252409569537,-12.2808438667902
13.697904,13.125509,15.944496,12.504553,15.740848,-9.0737313172076,-12.6592702529467
13.7468256,13.155073,15.963666,12.467147,15.711859,-8.63775458298541,-12.6594914088485
13.7765264,13.115655,15.925325,12.570012,15.615226,-8.95107563784758,-13.0397116296094
13.81928,13.174782,15.906155,12.513904,15.634552,-8.6609540082987,-13.0460604427833
13.8677872,13.184636,15.877399,12.523255,15.711859,-9.06398457823722,-13.0014609198735
13.8975984,13.204345,15.848643,12.579364,15.653879,-9.09050774175115,-13.322711437461
13.9300864,13.214199,15.858228,12.607418,15.644216,-9.08859107956973,-13.4057655954968
13.9701632,13.194491,15.867814,12.551310,15.740848,-9.28141861731945,-13.049933661958
14.0001392,13.105801,15.934911,12.495201,15.711859,-9.03583731607728,-12.6639881572424
14.0330704,13.105801,15.906155,12.532607,15.760175,-9.4714733333663,-12.711456474659
14.0728448,13.105801,15.963666,12.523255,15.779501,-9.29528562810281,-12.5543016455884
14.10428,13.086092,15.934911,12.504553,15.779501,-9.40433580540618,-12.5208529790234
14.137616,13.036819,16.002007,12.429742,15.827818,-9.23644930748054,-12.0424943135746
14.1667104,12.987547,16.011593,12.354931,15.866471,-9.24588851386213,-11.6823978387166
14.206688,13.007256,16.049934,12.439093,15.943777,-9.64693417611038,-11.7087881581937
14.238024,12.957984,16.107445,12.401687,15.924450,-9.39969291541251,-11.4497866885045
14.267736,12.928420,16.069104,12.364282,15.914787,-9.47285142180567,-11.3854367711882
14.301576,12.908712,16.059519,12.252065,15.866471,-8.96610177567761,-11.1933292541523
14.3387472,12.839730,16.222469,12.205308,15.972767,-8.84452106901779,-10.4628251449973
14.370216,12.898857,16.260810,12.252065,16.069399,-9.03149535798853,-10.4648019087221
14.4032592,12.898857,16.299151,12.224011,16.069399,-8.78203047485788,-10.3356941800516
14.4429808,12.918566,16.241639,12.186606,16.040409,-8.66797633970168,-10.4462881057862
14.49144,12.810167,16.279980,12.186606,16.001756,-8.77999771992667,-10.204106618081
14.5238688,12.879148,16.270395,12.252065,15.924450,-8.51376838854805,-10.6562795485854
14.5628656,12.869294,16.174542,12.195957,15.943777,-8.76556669072474,-10.6423367474369
14.5953456,12.908712,16.155372,12.186606,15.847144,-8.28179105411298,-10.9124625507931
14.6253312,12.948129,16.145787,12.186606,15.866471,-8.2453499893997,-10.9835260397453
14.6754352,12.967838,16.117031,12.298822,15.866471,-8.71103195016821,-11.3282084158786
14.7103968,13.017110,16.174542,12.280119,15.895461,-8.3539561571815,-11.244355352187
14.7579728,12.987547,16.174542,12.280119,15.934114,-8.61196683089011,-11.110949596485
14.8077392,13.007256,16.069104,12.280119,15.856808,-8.63364825773989,-11.475613534267
14.83908,13.056528,16.097860,12.345579,15.866471,-8.63217493192312,-11.6625779407884
14.8714352,13.056528,16.059519,12.354931,15.885797,-8.88454692437614,-11.7167599120586
14.9199088,13.056528,15.992422,12.420390,15.818154,-9.12587224296844,-12.0994443081614
14.9615616,13.105801,16.040349,12.401687,15.818154,-8.69264977863594,-12.0821981720786
14.9941184,13.066383,16.059519,12.485850,15.905124,-9.422192914991,-11.9936199256419
15.0415824,13.056528,15.906155,12.457796,15.798828,-9.51703677885549,-12.3693271798505
