0.0298224,10.472546,16.740497,12.141875,19.853197,1.75169146545424,-2.0929803524493
0.0623328,10.472546,16.817176,12.104463,19.891393,2.05168853376738,-1.8353168143494
0.1011472,10.462693,16.702158,12.132522,19.910492,1.40009139705263,-2.01938920044637
0.1321552,10.462693,16.721328,12.113816,19.939139,1.44258403650789,-1.90463092650527
0.1622864,10.531665,16.778837,12.151228,19.891393,1.97645869889717,-2.14324895500403
0.2023168,10.472546,16.711743,12.188640,19.910492,1.28887222630659,-2.16221482469298
0.2336352,10.511959,16.740497,12.104463,19.834098,2.09749055904566,-2.12584088640639
0.2648272,10.502106,16.711743,12.132522,19.881844,1.69003802156981,-2.14121212333875
0.3147872,10.482400,16.635064,12.263463,19.834098,1.02955514635519,-2.58891662135337
0.3547248,10.462693,16.673403,12.197993,19.891393,1.13077019418774,-2.24554804292968
0.3874656,10.551371,16.654234,12.282169,19.805451,1.41170221721974,-2.81055563856291
0.4174448,10.551371,16.654234,12.328934,19.738607,1.47900562415507,-3.02018471257998
0.457328,10.610489,16.606310,12.291522,19.681311,1.84130698690312,-3.22797685737891
0.4886032,10.630195,16.596725,12.347640,19.624016,1.88525653844173,-3.50667942537036
0.5185936,10.630195,16.615894,12.413110,19.652664,1.64482338868017,-3.58932010147131
0.5610192,10.679460,16.615894,12.375699,19.585820,2.18939990625111,-3.71713132697787
0.5910672,10.728725,16.500877,12.431816,19.509426,1.99821804834274,-4.25217069552766
0.620912,10.738578,16.587140,12.431816,19.490328,2.44163922384016,-4.17407740714188
0.6533632,10.718872,16.615894,12.441169,19.499877,2.41356919287127,-4.09221047215583
0.6924304,10.689313,16.692573,12.431816,19.547623,2.46963198366735,-3.81442546363607
0.7323056,10.777991,16.673403,12.422463,19.547623,2.77393270143086,-4.02889140151519
0.7636688,10.758285,16.692573,12.347640,19.413934,3.47623487245149,-3.97918485330731
0.8047296,10.748432,16.750082,12.244757,19.499877,3.72046722951735,-3.49918836307586
0.8360848,10.689313,16.826761,12.254110,19.538074,3.62802889911723,-3.21072778393365
0.8673936,10.699166,16.817176,12.197993,19.528525,3.85175363961675,-3.13004208052275
0.9007824,10.699166,16.750082,12.151228,19.595369,3.52071048570097,-3.01990927038121
0.9469872,10.659754,16.807591,12.085757,19.643115,3.65182031518745,-2.61538988918301
0.9786384,10.748432,16.932194,12.104463,19.709959,4.19490813396386,-2.5868814392304
1.0173392,10.689313,16.960948,12.048346,19.786352,4.00805069877502,-2.16004585457991
1.0609376,10.649901,16.932194,12.029640,19.566721,4.55172785068629,-2.38751466398008
1.0909952,10.748432,16.913024,12.067051,19.585820,4.66877437320529,-2.70990883453073
1.1222912,10.679460,16.865100,12.010934,19.557172,4.50139659126636,-2.52662453121375
1.1612096,10.659754,16.903439,12.029640,19.585820,4.41275772202362,-2.4251851018779
1.1920992,10.699166,16.817176,12.010934,19.585820,4.29323505892249,-2.60199526061739
1.2233424,10.728725,16.941779,12.067051,19.518975,4.93184652468758,-2.71962546898583
1.263264,10.709019,16.913024,12.095110,19.595369,4.38719557706525,-2.66893382270457
1.2946864,10.669607,16.980118,12.113816,19.614467,4.36666519936805,-2.49274862882753
1.323472,10.748432,16.903439,12.085757,19.471230,4.95838083226883,-2.93816346429716
1.357288,10.709019,16.893854,12.085757,19.490328,4.70204700148075,-2.83074344895095
1.4047872,10.768138,16.884270,12.048346,19.538074,4.85999831939309,-2.82553385125933
1.4373888,10.797697,16.865100,12.141875,19.404385,5.03760194561975,-3.343671807159
1.4673296,10.728725,16.807591,12.244757,19.337541,4.42071504874946,-3.60959353213759
1.5074688,10.777991,16.845930,12.254110,19.366189,4.63339982730867,-3.64733961904263
1.537464,10.866668,16.788421,12.319581,19.394836,4.43466289972159,-4.05227005251642
1.5824704,10.866668,16.750082,12.394404,19.347090,4.19325622988623,-4.35656722595358
1.6198224,10.896227,16.702158,12.422463,19.289795,4.22086494610605,-4.64976850015809
1.649808,10.896227,16.654234,12.544052,19.270697,3.68612011953836,-5.0343506258009
1.6921952,10.856815,16.682988,12.506640,19.232500,3.90070366153159,-4.86987909755377
1.7246896,10.906080,16.596725,12.562757,19.146557,3.85716731904681,-5.37707411997847
1.770888,10.925786,16.567970,12.581463,19.051066,4.08287066293539,-5.65638514587456
1.8021312,10.965198,16.529631,12.600169,19.022418,4.12093447189995,-5.8941297667494
1.8334384,10.965198,16.539216,12.665640,18.993770,4.03311821621522,-6.07514415691513
1.882152,11.024317,16.462537,12.684346,18.984221,3.93317768228833,-6.38803498632709
1.913704,11.073582,16.424198,12.833993,18.946025,3.59762786993619,-6.96446255755894
1.9433024,11.112994,16.414613,12.890110,18.926926,3.58900732512852,-7.22790459141468
2.0073264,11.073582,16.405028,12.880758,18.917377,3.46116525718517,-7.14596943646366
2.0372048,11.112994,16.309180,12.936875,18.860082,3.24379556581457,-7.60340847334374
2.0673408,11.073582,16.376274,12.936875,18.812336,3.51422477451574,-7.48299902157548
2.1184752,11.132700,16.414613,12.918169,18.850533,3.82979914375547,-7.4560132304252
2.1474432,11.152406,16.347519,12.852699,18.860082,3.83411885220369,-7.44108947522592
2.1811664,11.162259,16.433783,12.862052,18.840984,4.24305464322698,-7.38030425646125
2.2334576,11.142553,16.385859,12.871405,18.860082,3.88211718694411,-7.40154119416445
2.2687328,11.142553,16.424198,12.852699,18.879180,4.03069118887043,-7.26927041483981
2.2987296,11.093288,16.395443,12.796581,18.869631,3.94854394121875,-7.08719417213919
2.349808,11.221377,16.328350,12.871405,18.860082,3.96548388321595,-7.67148433875366
2.3824576,11.103141,16.318765,13.002346,18.860082,3.02131489298857,-7.7154687382206
2.4108368,11.162259,16.318765,12.983640,18.821885,3.44560065641549,-7.86741905646442
2.4509888,11.231230,16.242086,13.011699,18.802787,3.38506892020626,-8.23859991270862
2.4811904,11.172112,16.309180,13.086522,18.697746,3.51864045916785,-8.33400810507118
2.512432,11.270642,16.203747,13.142640,18.583156,3.68987685864508,-9.03266984755451
2.54368,11.221377,16.213332,13.245522,18.621352,3.05653961260236,-9.07804507028616
2.5837072,11.250936,16.088729,13.339052,18.516311,2.72190216218505,-9.7214732548688
2.6137056,11.310055,15.992881,13.385817,18.487664,2.51604604952902,-10.1592183083914
2.6446848,11.339614,15.973711,13.423228,18.459016,2.5274006317068,-10.3863785651436
2.6871168,11.359320,15.973711,13.469993,18.478115,2.38295144283466,-10.5043581686309
2.7160848,11.408585,15.992881,13.507405,18.296680,3.13833733483045,-10.9600695727501
2.7460704,11.388879,16.012050,13.572875,18.353975,2.72154939409705,-10.9382630050132
2.7786368,11.447997,15.983296,13.544817,18.277582,3.19348650914609,-11.1777216889616
2.8182512,11.428291,15.887448,13.600934,18.191639,2.84001855533153,-11.5547043177344
2.8634272,11.467703,15.829939,13.713170,18.182090,2.42168381526132,-12.000853639775
2.8997216,11.556381,15.753260,13.816052,18.057951,2.54070605909491,-12.7539939895708
2.9409616,11.546528,15.666997,14.003111,17.972008,1.82067935109382,-13.4283501646501
2.9710176,11.546528,15.666997,14.040523,17.952910,1.75910059605518,-13.5419768032579
3.002312,11.615499,15.571148,14.190170,17.943361,1.18305484224424,-14.1941827592296
3.0421392,11.654911,15.551979,14.274346,17.857418,1.26897606502757,-14.6381703426932
3.0824464,11.635205,15.513640,14.264993,17.838320,1.13461226668967,-14.6717919168362
3.1135616,11.674617,15.571148,14.255640,17.876516,1.42117439400317,-14.5761233400198
3.1547904,11.635205,15.561564,14.199523,17.828770,1.57575735433562,-14.4653444310441
3.1946848,11.635205,15.590318,14.199523,17.847869,1.62528621021676,-14.3850501475769
3.2259104,11.585940,15.542394,14.105993,17.895615,1.39448205511517,-14.0747323454176
3.2685552,11.625352,15.580733,14.124699,17.962459,1.41514874252496,-14.0253724637325
3.3173376,11.556381,15.686166,14.068581,17.972008,1.71533421371879,-13.5611671359246
3.348552,11.566234,15.647827,13.975052,18.077049,1.56420308629386,-13.2674865452612
3.383656,11.566234,15.628657,14.003111,18.019754,1.58655990707361,-13.4558373547217
3.4198384,11.526821,15.657412,14.003111,18.057951,1.41623613396811,-13.258402155754
3.4498384,11.556381,15.686166,13.937640,18.067500,1.83438768715256,-13.1162387985216
3.4848192,11.585940,15.714921,13.975052,18.086598,1.87462775489685,-13.1836939080697
3.5298096,11.536674,15.695751,13.993758,18.057951,1.63806151739713,-13.1959582543699
3.562328,11.556381,15.666997,13.993758,17.981557,1.85895257684754,-13.4135690371682
3.5925008,11.595793,15.647827,14.021817,18.048402,1.62017284578716,-13.4818922529816
3.6335872,11.625352,15.609488,14.049876,17.962459,1.77978349031595,-13.814422831483
3.664816,11.536674,15.571148,14.031170,17.991107,1.24375622356576,-13.5959941142206
3.694672,11.595793,15.609488,14.049876,18.067500,1.31076925869916,-13.5750959210575
3.727032,11.595793,15.628657,14.040523,17.981557,1.70601639972799,-13.6657506068544
3.774704,11.585940,15.666997,14.068581,18.038852,1.53222967257233,-13.5464757497455
3.8058864,11.566234,15.580733,14.077934,17.991107,1.24199874673481,-13.7468374984418
3.8396992,11.576087,15.571148,14.031170,17.933811,1.59250531964277,-13.7778346537332
3.8822496,11.585940,15.686166,14.021817,18.000656,1.89279403782261,-13.4759905798719
3.9085856,11.595793,15.638242,14.031170,18.019754,1.64704953963789,-13.5658311874017
3.9398608,11.595793,15.762845,13.984405,17.952910,2.5200639865038,-13.3677423318725
3.9847696,11.566234,15.753260,13.975052,17.962459,2.36534374946049,-13.2826706133494
4.0210784,11.526821,15.935372,13.703817,18.162992,3.16455345473921,-11.9696019681627
4.0509968,11.566234,15.916202,13.675758,18.248934,3.04851331913892,-11.8856620619798
4.0820976,11.457850,15.992881,13.479346,18.325328,3.32973032147765,-10.9609387882827
4.1259008,11.329761,16.059975,13.385817,18.459016,2.95441776643077,-10.1416571093527
4.164672,11.300202,16.088729,13.282934,18.506762,3.13779384613411,-9.72132250943994
4.194864,11.310055,16.079144,13.217464,18.640451,2.90810339230732,-9.39780805207089
4.2362256,11.300202,16.174993,13.142640,18.697746,3.30481043240638,-8.96337297642518
4.266104,11.300202,16.203747,13.058463,18.707295,3.67011128916077,-8.71227877547499
4.2947328,11.329761,16.117484,13.039758,18.831434,3.09113045884651,-8.67701902924711
4.3362304,11.250936,16.146238,13.049111,18.879180,2.70194646789862,-8.39892826078977
4.3662224,11.241083,15.983296,13.105228,18.936475,1.63985636583276,-8.67048418872117
4.3974928,11.191818,15.868278,13.180052,19.022418,0.451331111260313,-8.77437284274078
4.428736,11.093288,15.829939,13.273581,19.146557,-0.816538676972684,-8.62749233028577
4.471048,11.004610,15.724506,13.273581,19.242049,-1.90822355206657,-8.44206003027321
4.4998288,10.994757,15.532809,13.432581,19.194303,-3.08533486047431,-9.15953958712043
4.5314176,10.965198,15.446546,13.582228,19.098811,-3.7313832548613,-9.72113229777442
4.5735088,11.044023,15.360282,13.647699,19.051066,-3.81956349441652,-10.2612915172655
4.6223392,11.172112,15.436961,13.722522,18.936475,-2.86211320724841,-10.7767018377911
4.6624848,11.181965,15.216510,13.787993,18.879180,-3.73974584689428,-11.3956632149168
4.7334352,11.162259,15.226095,14.012464,18.888730,-4.54447360262374,-11.8191012625881
4.76864,11.181965,15.043983,14.077934,18.888730,-5.41688855930271,-12.3057259648068
4.8170208,11.201671,15.149416,14.059228,18.907828,-4.90941182027263,-12.1036664579052
4.8460128,11.300202,15.168586,14.134052,18.697746,-3.99303776296097,-12.7989298011982
4.8771936,11.280496,15.130246,14.152758,18.487664,-3.60232790431077,-13.2081157300647
4.9088944,11.329761,15.226095,14.152758,18.459016,-2.92156160811768,-13.2046610431843
4.9485952,11.556381,15.245264,14.143405,18.315779,-1.43129367926513,-13.8861418258131
4.9837232,11.556381,15.254849,14.293052,18.162992,-1.3825637581672,-14.4510787456963
5.0237536,11.566234,15.504055,14.190170,18.229836,-0.231331561208464,-13.721744000574
5.0611072,11.576087,15.542394,13.956346,18.229836,0.737266886087472,-13.1696611588463
5.0913488,11.595793,15.590318,13.890875,18.248934,1.15992884833517,-12.9586064953887
5.1337344,11.674617,15.504055,13.918934,18.000656,1.8697885771769,-13.7482828366725
5.186192,11.664764,15.599903,13.862817,18.191639,1.75608778631152,-13.1270830087366
5.2148656,11.497262,15.369867,13.862817,18.592705,-1.15740095926828,-12.4774737292068
5.2460928,11.418438,15.341113,13.909581,18.716844,-2.15090172747763,-12.2504535832595
5.2863104,11.329761,15.130246,13.965699,18.755041,-3.66591773908598,-12.4622320313154
5.3165312,11.231230,15.226095,13.956346,18.726393,-3.55237960524116,-12.113352838034
5.3478656,11.497262,15.484885,13.993758,18.516311,-0.879211954160688,-12.7014906142726
5.3798176,11.497262,15.523224,13.975052,18.353975,-0.127304932395418,-12.8645257882858
5.4237328,11.615499,15.666997,13.872170,18.067500,2.21227130184108,-13.1340624745327
5.47104,11.901237,15.513640,13.946993,17.781025,3.44882671325519,-14.65557297324
5.5037856,12.039179,15.436961,14.134052,17.513648,3.96218437620256,-15.9409937630413
5.5413856,12.384036,15.456131,14.134052,16.902500,7.48395280887028,-17.7000889258989
5.573616,12.906247,15.734091,13.862817,17.856141,8.19505931137756,-16.1257627947141
5.6021872,13.714196,15.580733,13.526111,17.672530,12.4244415556612,-17.6774305956235
5.652392,13.763461,15.408206,12.347640,17.131680,18.1019757156869,-16.5131954259689
5.683416,13.852138,14.258027,11.805169,19.509426,7.56304446778699,-13.4503934831291
5.7132944,12.453007,12.868228,11.898698,23.443689,-16.5264716366366,-6.53302551294251
5.7539456,9.556214,11.976839,11.608757,27.845861,-44.3821013861588,5.86675476599948
5.7850624,6.048533,11.325071,11.056933,32.782787,-74.3680479591848,21.278787882532
5.8150416,3.851306,10.778736,10.664110,35.265574,-92.6580724106136,30.3423899279534
5.8722304,3.516303,10.088628,10.458345,33.546721,-95.0069476663744,29.6844501579924
5.9072784,3.802041,9.388936,11.206581,31.283566,-94.6837553833309,23.5346875702158
5.9384912,4.107485,9.350597,12.478581,31.522295,-95.8447830802738,19.1768310407369
5.9698672,4.718373,9.158900,14.470758,31.522295,-96.8978120867471,11.9145310782476
6.0096688,5.151907,8.900110,15.939170,30.901598,-97.3404716557357,6.02014144268221
6.0462528,5.782501,8.708413,17.622700,30.013525,-96.2668062017902,-0.903437274881245
6.0824976,6.344124,7.577404,17.768343,26.241598,-93.2080231563634,-9.90790398019605
6.1349216,6.669274,7.213180,18.921482,25.124344,-93.4943589795956,-15.7315279095883
6.1623568,7.270310,6.503903,20.886431,22.670205,-93.2305285864328,-26.985842366065
6.193472,7.654578,6.178019,21.901193,21.782131,-93.1257412863535,-32.1714519639003
6.2423696,7.654578,6.168434,21.984219,21.562500,-92.9327213750245,-32.7999703237022
6.2759024,8.107818,4.769050,24.022969,17.064836,-93.9413833777804,-50.7609684221212
6.3085872,8.324584,4.462335,24.631827,17.788495,-96.9723400605958,-51.1152873723506
6.34752,8.393556,4.404826,24.825554,17.372955,-96.4985092735745,-52.7249297365463
6.3873728,8.570910,4.088527,26.163196,17.063716,-99.1787381617676,-56.7138547778047
6.4187472,8.531498,4.107697,26.476850,17.141026,-99.9808893738393,-56.8915046935729
6.4509648,8.423115,4.232300,26.467624,17.624212,-100.69744386329,-55.1933990090357
6.4898992,8.265466,4.951162,25.397511,18.029303,-96.2303846206005,-50.5083490497846
6.5211152,7.693990,5.861720,23.349536,21.085041,-96.0450394978967,-37.0624471590468
6.5512128,7.112661,6.302622,21.209310,22.851639,-96.1976884465893,-27.3580470043577
6.6024736,6.373683,6.762694,21.264661,26.862295,-104.416445778285,-17.8687704329816
6.6324736,5.467204,7.203596,20.711154,29.956230,-110.640754719976,-9.24370757225677
6.6634944,5.309555,7.855364,20.914106,32.324426,-111.417292416252,-5.0492581160881
6.70732,5.467204,7.395292,20.803405,30.051721,-109.853893431066,-9.01263852861574
6.7547024,5.506616,6.916051,21.541414,29.354631,-112.3109534776,-12.4042285854247
6.7847456,5.664265,6.187604,21.559864,25.687746,-110.428123698433,-20.0368577340479
6.8360768,5.890884,6.666845,19.825543,25.200738,-102.835175091534,-16.8312928350037
6.8661152,6.166769,5.986323,20.379050,22.956680,-102.427260898565,-24.0838984555132
6.8974992,6.334271,5.727532,20.249898,21.648443,-100.473145336519,-27.3360108482064
6.937584,6.324418,5.353724,20.305249,20.492992,-100.902161058329,-30.709722551256
6.9674144,6.334271,4.548599,22.427025,19.595369,-108.192172136028,-38.9582315332361
6.9988464,6.196329,4.126867,23.773891,18.802787,-112.764188644018,-44.1813592844789
7.0324256,6.590450,3.609286,26.283122,17.695082,-115.744222980058,-53.3524943442084
7.0799008,7.132367,3.992679,28.773903,19.480779,-116.137974301356,-52.8779343293533
7.1133664,7.290016,3.465514,30.351397,18.220287,-118.763086588466,-59.6682867651474
7.150752,7.270310,3.513438,30.914129,18.382623,-119.543938960135,-59.9152878111199
7.202176,7.565901,3.015027,31.606012,16.568279,-119.285617213286,-67.0156940126588
7.232016,8.393556,2.449522,33.543286,15.391892,-118.721232103146,-74.9599714744851
7.2745344,8.442821,2.593294,33.155831,15.556175,-117.28265935316,-73.7501047174513
7.317088,8.432968,2.679558,33.469485,16.174654,-118.06573781999,-72.2551128933289
7.3558784,8.304878,2.363259,33.303433,15.015007,-118.951284242659,-75.8368663419438
7.3885712,8.314731,2.775406,32.417822,15.855751,-116.370709305959,-71.4515877120669
7.4271984,8.383703,3.043781,31.126307,16.454901,-113.408619588088,-67.6690931597139
7.457256,8.166936,2.995857,30.296046,16.155326,-113.368263041465,-67.2207072105265
7.4883744,8.186642,3.197138,30.028518,16.715822,-112.463885723843,-64.9028357559917
7.5284592,8.166936,3.436759,29.465786,17.208672,-111.048252611986,-62.238289687737
7.5584512,8.285172,3.580531,28.838479,17.063716,-108.32284649249,-61.5295270731259
7.5887056,8.531498,3.733889,28.497149,17.227999,-105.679974749549,-60.5934829081067
7.6198112,8.541351,3.916000,28.432574,17.624212,-105.07895687016,-59.0775222586601
7.6609552,8.413262,4.117282,28.958405,17.198525,-104.811210531135,-60.1972306443026
7.6910784,8.393556,4.031018,29.096782,17.150779,-105.569095251898,-60.6963415956824
7.721144,8.373850,4.098112,29.096782,17.456352,-105.769778012556,-59.7490316202378
7.7612,8.383703,4.261054,29.106007,17.771475,-105.276931137372,-58.6132077956859
7.792032,7.999434,3.733889,29.576488,17.179426,-110.399748614118,-61.4855320545856
7.822216,7.930463,3.532607,30.000843,16.902500,-112.221868333757,-63.182027233143
7.8561552,7.782667,3.657210,29.484236,17.122131,-111.925815418957,-61.3896061222985
7.9033664,7.654578,4.011849,28.653976,18.115246,-110.815784432178,-56.6749339275989
7.934928,7.270310,4.021433,27.325560,18.239385,-111.26854107501,-53.7411201339651
7.9687712,7.132367,3.983094,27.390136,18.449467,-112.757254205648,-53.2077956190188
8.0186672,6.817070,3.810567,27.399361,18.735943,-116.192460103736,-52.4461514925571
8.0488048,6.886041,4.031018,27.869842,19.528525,-116.201719996213,-50.8964018948669
8.0788224,6.905747,3.983094,28.017443,19.719508,-116.839272141844,-50.8276801302999
8.1199968,6.757952,3.820152,27.897517,19.261148,-117.931318863201,-51.8617818016511
8.1487344,6.748099,3.714719,28.386448,19.604918,-119.758941859013,-52.0508079284375
8.1848,6.846629,3.503853,28.967630,18.573607,-119.846146381956,-56.0592531448192
8.2236672,7.063396,3.810567,29.022981,19.251598,-117.658961121595,-54.1110610462067
8.2596976,6.945159,3.618871,27.989768,18.182090,-116.639244730294,-55.3990486101628
8.2898992,6.846629,3.705134,27.620764,18.420820,-116.530034095189,-53.8690726332478
8.321096,6.659421,4.021433,27.196408,19.643115,-116.85939176874,-49.2070005829214
8.3710784,6.442654,4.347318,26.255447,20.817664,-116.519049057494,-43.850347973736
8.4123888,6.275153,4.558184,25.452862,21.858525,-116.587219188048,-39.422316157117
8.4460368,6.156916,4.673202,24.816329,21.323770,-114.948471951485,-38.9665854240374
8.4935248,6.038680,4.788220,23.294186,21.390615,-112.810856227994,-35.4860207149123
8.524936,5.664265,4.970331,22.583852,22.326434,-114.360410296283,-30.9613823991715
8.5549072,5.191319,5.296215,21.347687,24.131230,-116.122654417119,-23.1252734535289
8.6011424,4.570577,5.430403,20.028495,25.802336,-119.700422184464,-15.4639066959045
8.6363184,4.422782,5.439988,20.452851,26.480328,-122.070759217032,-14.8688505486661
8.667408,4.383370,6.082171,20.010045,28.122787,-119.929527643335,-9.92100375206118
8.7087536,4.412929,6.187604,19.770192,28.313770,-119.046986298651,-8.96468471084985
8.7499136,4.580430,6.082171,19.880894,27.521189,-117.749217722122,-11.0600246241082
8.7798896,4.738079,6.714769,18.939932,28.867623,-113.579460156978,-6.10822443510711
8.8146144,4.728226,6.801033,18.091222,28.418811,-111.248765432211,-4.65214266914769
8.8520496,4.905581,6.896881,17.915945,27.473443,-107.905832697921,-5.98871902836923
8.8823968,5.191319,7.261105,18.091222,27.798115,-104.843167842468,-5.99716453247754
8.9121568,5.329261,8.162078,18.201923,27.769467,-99.0201669172763,-5.23526914116991
8.9637136,5.851472,8.392114,18.008196,27.320656,-93.7334115840351,-6.32630559242927
8.993496,5.792354,8.142909,17.399338,26.633115,-93.1704936793073,-6.22695217310246
9.0236336,5.644558,8.238757,16.689005,25.659098,-90.3563856084795,-5.56412533014325
9.0663872,5.595293,9.523123,16.375351,25.840533,-83.0850971274363,-2.37899284257277
9.0947664,5.881031,10.941678,17.566582,25.764139,-76.168153495742,-3.88250212361293
9.1249472,6.009121,11.420919,16.818347,25.324877,-70.5745519578555,-2.37458198093139
9.1575712,6.166769,11.564691,16.472288,25.191189,-67.9967720539847,-1.91363475783857
9.19672,6.521479,12.456080,15.172229,24.560943,-57.3001768334735,0.74480437659518
9.2259456,6.698833,13.385808,14.208876,24.799672,-50.0939821506888,4.32268632264309
9.2660032,6.738246,14.181349,13.413875,24.608689,-43.5831665007341,7.0387495937043
9.317416,6.728393,14.976889,12.356993,25.076598,-38.3417454494414,11.4106645797174
9.3472624,6.748099,15.159001,12.141875,25.544508,-38.0876874513732,12.7196042930122
9.378568,6.836776,15.389037,12.029640,25.582705,-36.432275523957,13.1048807651497
9.4310784,6.698833,15.043983,11.898698,25.429918,-37.8851777944979,13.2096442143029
9.4611408,6.620009,14.334706,12.347640,25.296230,-42.4226017217446,11.1903382280301
9.4910256,6.698833,14.200518,12.712405,24.942910,-42.715866512148,9.40773886289975
9.5249424,6.787511,14.382630,12.749816,25.114795,-41.9865329975828,9.53543028045357
9.5637984,6.895894,14.267612,12.731110,24.962008,-41.5654058422858,8.95967184433122
9.5935984,6.876188,14.468894,12.590816,25.038402,-40.5429177387938,9.7299569559645
9.6261584,6.984571,14.622251,12.413110,25.210287,-39.3066222256847,10.3219922392557
9.6663376,7.250603,14.516818,12.282169,24.771025,-37.0244507039703,9.27838645581318
9.7184304,7.605313,14.737269,12.160581,24.790123,-34.101612291201,8.98553018078494
9.7472336,7.812227,14.813947,12.010934,24.331762,-31.1216100954233,8.34596904566813
9.7874208,8.117671,15.369867,11.898698,23.825656,-25.5045840309337,7.91657676568472
9.8183088,8.354144,15.446546,11.842581,23.567828,-23.2122607550952,7.22106203905771
9.8485216,8.442821,15.408206,11.936110,23.281352,-22.4230532593965,6.32999849538446
9.8959088,8.639882,15.532809,12.029640,22.918484,-20.2219337046912,5.27895260464051
9.9410352,9.428125,15.082322,13.198758,21.342869,-17.5392459147787,-2.37120657578246
9.9725968,9.664597,15.178171,13.395169,20.884508,-15.3193187677026,-3.93659887739821
10.01256,9.772981,15.312358,13.264228,20.855861,-13.8002825192856,-3.72508781310764
10.0422112,9.920776,15.609488,13.095875,20.750820,-11.085708991365,-3.38986183497316
10.0736576,9.920776,15.829939,12.862052,20.703074,-9.28460293200516,-2.58215071370651
10.1036528,9.940483,16.040805,12.637581,20.693525,-7.59042324721884,-1.80011503936951
10.1549056,9.901070,16.357104,12.291522,20.703074,-5.37616629397355,-0.404185720957653
10.184944,9.930629,16.462537,12.216699,20.769918,-4.80224040393361,-0.0477242641120448
10.2187264,9.881364,16.510461,12.132522,20.760369,-4.50341331658444,0.329106985324092
10.2697568,9.901070,16.433783,12.048346,20.712623,-4.3047176378387,0.30722765277223
10.2974192,9.940483,16.462537,12.113816,20.569385,-3.77382172841898,-0.111250183271345
10.33128,9.960189,16.443368,12.207346,20.598033,-4.17091328953744,-0.370915220003532
10.3801104,10.098131,16.376274,12.450522,20.292459,-3.68042240250735,-1.82612479291154
10.4100464,10.078425,16.328350,12.469228,20.196967,-3.70289500363098,-2.03450729904583
10.4511776,10.098131,16.280426,12.544052,20.244713,-4.21806156790765,-2.25999935243862
10.5034496,10.058719,16.270841,12.487934,20.368852,-4.63856904257942,-1.863949818163
10.552368,9.989748,16.213332,12.459875,20.407049,-5.18631965332301,-1.66049740692959
10.6051904,9.940483,16.270841,12.431816,20.502541,-5.37172858759593,-1.25155137937733
10.633888,9.871511,16.203747,12.469228,20.588484,-6.32681521349512,-1.14840482980444
10.6650048,9.851805,16.146238,12.469228,20.617131,-6.73573610924289,-1.143168213176
10.6947872,9.871511,16.194162,12.637581,20.578934,-6.87742646833193,-1.57907082679266
10.7383904,9.950336,16.012050,12.749816,20.445246,-7.23198386067063,-2.49798159533955
10.7674208,9.950336,15.935372,12.871405,20.445246,-7.93695642107187,-2.89987467015084
10.7983008,9.999601,15.925787,12.964934,20.454795,-8.10287248972825,-3.23705387436843
10.838512,9.920776,15.724506,13.086522,20.368852,-9.37263519782162,-3.76697109539327
10.8697808,9.970042,15.666997,13.301640,20.292459,-9.8468030258473,-4.58914160523266
10.9009824,9.979895,15.609488,13.339052,20.340205,-10.313549463872,-4.71428296637824
10.9323248,9.979895,15.532809,13.488699,20.349754,-11.1328834439625,-5.16443854620917
10.9860224,9.970042,15.360282,13.694464,20.196967,-12.0596537656877,-6.11568005778412
11.013808,9.979895,15.341113,13.759934,20.177869,-12.2435403157309,-6.34851917710742
11.0488176,9.920776,15.245264,13.816052,20.206516,-13.1577690487458,-6.44529514800939
11.0849056,9.950336,15.130246,13.844111,20.168320,-13.4861305286682,-6.81552358331387
11.1162768,9.930629,15.072738,13.881523,20.082377,-13.6612277110052,-7.079758528343
11.1525568,9.930629,15.063153,14.012464,20.177869,-14.4040589114229,-7.24685038952986
11.2126208,9.970042,15.005644,14.199523,20.063279,-14.7041724736018,-8.03384276246992
11.2488752,10.088278,14.756438,14.358523,19.805451,-14.9542761265599,-9.4673057540213
11.2926016,10.098131,14.785193,14.489464,19.786352,-15.135334665187,-9.76970666458527
11.3311904,10.245927,14.698929,14.741993,19.624016,-15.1520249650345,-11.0662054337808
11.3602112,10.305045,14.708514,14.798111,19.509426,-14.6819505315691,-11.4925472226811
11.3911296,10.285339,14.660590,14.788758,19.433033,-14.7035892665135,-11.6306780583156
11.4324528,10.314898,14.612666,14.807464,19.442582,-14.8684754203184,-11.8004859437482
11.4650192,10.295192,14.718099,14.788758,19.461680,-14.5071730342164,-11.5120536382965
11.4936112,10.334604,14.660590,14.798111,19.423484,-14.4946306694715,-11.7763090735518
11.5284496,10.324751,14.679760,14.826170,19.347090,-14.3059563543177,-11.9102545414384
11.5636608,10.334604,14.756438,14.732640,19.480779,-14.0650078835258,-11.3815467442751
11.5949488,10.334604,14.833117,14.667170,19.604918,-13.9235780987939,-10.9109683640033
11.6335808,10.285339,14.852287,14.582993,19.557172,-13.6423124365333,-10.6598315087484
11.677184,10.206515,14.928965,14.423993,19.652664,-13.4544067660728,-9.85013119290894
11.707656,10.127690,15.015229,14.208876,19.815000,-13.2591036226525,-8.79010359203383
11.7400432,10.068572,15.139831,13.956346,20.072828,-13.0003065753837,-7.47854105455148
11.7812272,10.048866,15.321943,13.797346,20.225615,-12.3008849534085,-6.54935157817694
11.8233776,9.910923,15.389037,13.600934,20.397500,-12.5207347868353,-5.41100568215092
11.862256,9.782834,15.446546,13.469993,20.473893,-12.6465510597857,-4.60410195999502
11.9013184,9.802540,15.456131,13.310993,20.617131,-12.4744624406478,-4.04703309190153
11.9323888,9.713863,15.504055,13.217464,20.798566,-12.9194643032867,-3.27481620640565
11.9623088,9.674451,15.609488,13.058463,20.894057,-12.4446913542709,-2.50738739184193
11.9934,9.625185,15.705336,12.927522,20.989549,-12.1389781178887,-1.79746423103854
12.0334768,9.605479,15.734091,12.852699,20.999098,-11.896937735744,-1.51578497870221
12.0649264,9.566067,15.762845,12.843346,21.018197,-11.972045637799,-1.32927645091091
12.096128,9.566067,15.801184,12.796581,21.037295,-11.7250347188721,-1.13361042511825
12.1449072,9.585773,15.772430,12.833993,21.046844,-11.9099153821613,-1.29832713258394
12.1785616,9.635038,15.762845,12.833993,21.056393,-11.7740237627406,-1.41613239403736
12.2062784,9.575920,15.724506,12.880758,21.094590,-12.4468320223481,-1.38683129190968
12.2550272,9.575920,15.753260,12.815287,21.065943,-12.0325313734027,-1.23007987491635
12.2999888,9.595626,15.724506,12.852699,21.085041,-12.2470056347033,-1.38078829190759
12.329888,9.566067,15.762845,12.908816,20.999098,-12.1170960989148,-1.51369594724077
12.3785072,9.615332,15.686166,12.890110,21.037295,-12.2927397639562,-1.6429041779791
12.4110384,9.625185,15.638242,12.964934,20.913156,-12.2981650984193,-2.09735554720045
12.444816,9.684304,15.666997,13.011699,20.855861,-11.8972233348046,-2.3912767912566
12.5024528,9.674451,15.666997,13.058463,20.884508,-12.1741723355308,-2.43660301273302
12.532448,9.733569,15.657412,13.077169,20.808115,-11.78688074553,-2.74797210533896
12.5636032,9.713863,15.724506,13.021052,20.703074,-11.0833843917801,-2.62448765487328
12.6037888,9.684304,15.762845,12.927522,20.827213,-11.1430410271044,-2.09215022911735
12.6350112,9.654744,15.762845,12.946228,20.846311,-11.3851224865612,-2.03823126735445
12.665008,9.674451,15.849108,12.871405,20.836762,-10.6782302539593,-1.7943359738848
12.6973792,9.704010,15.868278,12.899463,20.894057,-10.7442303278288,-1.81961077064144
12.7460992,9.605479,15.782015,12.805934,20.874959,-11.1597011228418,-1.51538312095199
12.7774064,9.585773,15.724506,12.787228,20.980000,-11.7543669769858,-1.35378400678971
12.808336,9.585773,15.791599,12.740463,20.999098,-11.3866634642789,-1.11583670940323
12.8484096,9.585773,15.801184,12.740463,21.085041,-11.6164462281294,-0.976920307767212
12.8808224,9.635038,15.877863,12.805934,21.104139,-11.3563982551795,-1.11259816545418
12.9098208,9.536508,15.858693,12.740463,21.056393,-11.4921486480066,-0.816790905350715
12.9449728,9.585773,15.782015,12.749816,21.046844,-11.6060846241496,-1.08272867600093
12.9811872,9.625185,15.829939,12.805934,21.056393,-11.4474362796114,-1.22790050151542
13.0112368,9.506949,15.791599,12.843346,21.161434,-12.5464139827122,-0.937691610371196
13.0414912,9.556214,15.724506,12.871405,21.094590,-12.5002049684753,-1.31736927451954
13.100096,9.546361,15.686166,12.862052,20.999098,-12.3748416167973,-1.46678361707533
13.1322608,9.566067,15.714921,12.852699,21.075492,-12.3811123650132,-1.33799496685585
13.1636592,9.575920,15.724506,12.918169,21.056393,-12.4443846138444,-1.53187875834726
13.2137696,9.546361,15.705336,12.880758,21.085041,-12.6212548707274,-1.35802991633806
13.244744,9.556214,15.657412,12.936875,21.008648,-12.7178003968001,-1.69744529776455
13.2763728,9.546361,15.686166,12.936875,21.113689,-12.9655705141828,-1.47831217627992
13.3164368,9.546361,15.724506,12.871405,21.161434,-12.7497035007612,-1.19654509657541
13.3475104,9.516802,15.628657,12.862052,21.046844,-12.8901345891097,-1.41022955579792
13.378512,9.556214,15.657412,12.833993,21.113689,-12.724533816181,-1.29778696385885
13.4187936,9.615332,15.714921,12.862052,21.123238,-12.3530066054624,-1.40850963708186
13.4600976,9.625185,15.743675,12.843346,21.123238,-12.1332887517581,-1.34551282085535
13.4911152,9.595626,15.695751,12.955581,21.094590,-12.7177084822233,-1.65428688558044
13.5337136,9.605479,15.638242,12.992993,20.999098,-12.7366498520103,-1.99087239109945
13.5722448,9.654744,15.561564,13.030405,20.903607,-12.6706192838632,-2.45069647231291
13.6026832,9.704010,15.494470,13.067816,20.836762,-12.6536282147971,-2.85498932280206
13.6448624,9.684304,15.494470,13.123934,20.798566,-12.792426901135,-2.99811076563011
13.6850704,9.743422,15.504055,13.180052,20.769918,-12.5895911343632,-3.29899493158118
13.7164272,9.841952,15.484885,13.254875,20.760369,-12.4606265706599,-3.74985270673976
13.7550448,9.851805,15.369867,13.348405,20.540738,-12.5079600558915,-4.49580818665143
13.8061072,9.891217,15.293189,13.451287,20.492992,-12.8366996932815,-5.01745041309947
13.8373632,9.920776,15.283604,13.498052,20.435697,-12.7199025677719,-5.29733412404623
13.8673312,9.989748,15.312358,13.507405,20.378402,-12.1601927594094,-5.52310711104117
13.908696,10.019307,15.331528,13.507405,20.321107,-11.7768631012943,-5.65009147137197
13.9387264,10.029160,15.331528,13.498052,20.359303,-11.8260260486169,-5.59278618894465
13.9688736,9.970042,15.350697,13.498052,20.302008,-11.8135976421054,-5.51379131212338
13.9974384,9.989748,15.436961,13.460640,20.387951,-11.5228712482999,-5.20978698267224
14.040056,9.950336,15.465715,13.385817,20.435697,-11.4824548562675,-4.82756367690404
14.06892,10.029160,15.513640,13.329699,20.397500,-10.6581512345144,-4.86576053532568
14.098976,9.970042,15.523224,13.282934,20.426148,-10.8072006800712,-4.56066388532355
14.1412656,9.940483,15.561564,13.208111,20.483443,-10.7154173617885,-4.17184105623842
14.1801088,9.832099,15.609488,13.123934,20.655328,-11.243308698942,-3.38945945818125
14.2111872,9.782834,15.638242,13.039758,20.712623,-11.2444121990264,-2.94608232131814
14.2550592,9.772981,15.619073,13.030405,20.779467,-11.5461338161255,-2.82982906570504
14.292392,9.743422,15.686166,13.021052,20.894057,-11.7190649698751,-2.46905011493361
14.3224816,9.743422,15.695751,12.955581,20.903607,-11.5040897838275,-2.28566073716659
14.3535792,9.684304,15.676582,12.946228,20.903607,-11.8016480781679,-2.15118486181761
14.4063936,9.694157,15.638242,12.946228,21.008648,-12.2491715503,-2.07655391334882
14.4348784,9.684304,15.580733,13.002346,20.989549,-12.6466599709292,-2.2991473413162
14.4663968,9.684304,15.571148,13.021052,20.855861,-12.3279363408391,-2.55515731548358
14.51756,9.674451,15.532809,13.058463,20.884508,-12.7365822919015,-2.63494067868634
14.5472336,9.713863,15.532809,13.105228,20.913156,-12.8061444538111,-2.79670058810724
14.5776144,9.753275,15.456131,13.161346,20.789016,-12.7506223150238,-3.32110795342597
14.6187776,9.713863,15.504055,13.189405,20.789016,-12.8023494495212,-3.22282134183641
14.6488672,9.733569,15.484885,13.161346,20.750820,-12.593408233347,-3.28865724283314
14.6813088,9.763128,15.475300,13.245522,20.731721,-12.7125942053874,-3.59977937028308
14.7113328,9.753275,15.484885,13.217464,20.731721,-12.6262309081308,-3.496135818903
14.7513696,9.851805,15.427376,13.339052,20.645779,-12.5653716944842,-4.22850251542505
14.78488,9.851805,15.408206,13.376464,20.483443,-12.2556070502057,-4.59024013508481
14.8247536,9.861658,15.398622,13.404522,20.559836,-12.5807734666584,-4.57779426571527
14.874712,9.910923,15.542394,13.395169,20.454795,-11.4162302637385,-4.61246286217197
14.905992,9.891217,15.571148,13.385817,20.368852,-11.0793903356245,-4.63108254931888
14.9348976,9.881364,15.571148,13.404522,20.416598,-11.3291487676619,-4.5795578298906
14.9764816,9.910923,15.628657,13.404522,20.349754,-10.75674216892,-4.66266958530779
15.0113024,9.910923,15.753260,13.273581,20.359303,-9.85696461846846,-4.15434008959826
