0.0366336,12.026989,16.222955,12.977880,17.933811,2.65828469478825,-2.4554464914083
0.0788992,12.086114,16.261289,12.977880,17.972008,2.89693916392028,-2.46232792273351
0.11904,12.076260,16.261289,13.005937,17.943361,2.86143870422625,-2.5493077098193
0.1501024,12.076260,16.251705,12.968528,17.905164,3.08915646636897,-2.54403828111456
0.1801536,12.115676,16.318789,13.024641,17.933811,3.1983835868516,-2.60015476147217
0.2314384,12.145239,16.270872,12.931120,17.924262,3.48897627126935,-2.5518355153676
0.2651872,12.105822,16.280456,12.968528,17.905164,3.31135678006022,-2.56286658892485
0.292832,12.115676,16.309206,12.903063,17.914713,3.65412247106038,-2.3770338855696
0.3375424,12.125530,16.290039,12.884359,17.952910,3.55037574451029,-2.32643703774372
0.3654112,12.105822,16.347540,12.921767,17.914713,3.69677655433858,-2.33444081570412
0.407512,12.105822,16.290039,12.921767,17.962459,3.31096819491095,-2.35027801889587
0.4463488,12.105822,16.347540,12.949824,17.866967,3.76580655340444,-2.47434035561921
0.4776912,12.105822,16.357123,12.940472,17.914713,3.66763687851572,-2.36043725141372
0.5163472,12.086114,16.376290,12.931120,17.952910,3.56459874251826,-2.20287889522822
0.5615904,12.026989,16.261289,12.893711,17.876516,3.30038992867458,-2.29878083619438
0.5913024,12.056551,16.318789,12.959176,17.838320,3.53674461367627,-2.47904348764512
0.6427568,12.115676,16.357123,12.903063,17.771475,4.33972350762491,-2.53220719429392
0.6815376,12.174801,16.405040,12.996585,17.800123,4.31567738027714,-2.74606059328423
0.7127856,12.243780,16.357123,13.052698,17.704631,4.53363118185587,-3.25637593739772
0.7430352,12.263488,16.280456,13.062050,17.637787,4.52038412850126,-3.5559271611044
0.7775744,12.322613,16.290039,13.071402,17.590041,4.91560618377368,-3.76947986821994
0.8140768,12.312759,16.290039,13.052698,17.542295,5.11294540783191,-3.78539269538822
0.8453792,12.253634,16.251705,13.136867,17.542295,4.44690437664122,-3.90380962044276
0.875368,12.342322,16.232539,13.192980,17.513648,4.61350179419682,-4.30069500757935
0.9090368,12.342322,16.213372,13.155571,17.485000,4.77378298140726,-4.29800233172148
0.9466112,12.391592,16.136704,13.221037,17.532746,4.27131679456441,-4.59711749364254
0.97812,12.342322,16.203788,13.192980,17.494549,4.57193481177783,-4.38002878009554
1.0075456,12.401446,16.194205,13.230389,17.437254,4.82948454587063,-4.70223274774789
1.0590528,12.450717,16.184621,13.192980,17.446803,5.07770686756035,-4.72818280198602
1.090296,12.499988,16.222955,13.258445,17.408607,5.31181629631514,-4.97787101337826
1.1201552,12.539405,16.175038,13.192980,17.389508,5.5784081110741,-5.03291258345294
1.1714128,12.480280,16.146288,13.267797,17.332213,5.18503099792292,-5.21085238359654
1.2013136,12.598529,16.060037,13.305206,17.313115,5.24114904629207,-5.72544517275703
1.232912,12.568967,16.079204,13.398728,17.265369,5.04038368779568,-5.91187530715609
1.2764976,12.618238,15.973786,13.529658,17.150779,4.77067353085694,-6.67208360261494
1.3240544,12.608384,15.877952,13.520306,17.198525,4.23512673300688,-6.71244452289107
1.354048,12.647800,15.782117,13.585771,17.208074,3.75722357291245,-7.0846230222268
1.3953488,12.706925,15.686283,13.613827,17.131680,3.78736317197136,-7.56597510989397
1.4253792,12.657654,15.638366,13.641884,17.045738,3.6204651263358,-7.75076139703791
1.4575232,12.736488,15.638366,13.688645,17.141230,3.42133360221644,-7.85480349374365
1.4875616,12.716779,15.695866,13.707349,17.141230,3.49962672263181,-7.75392391271571
1.528024,12.687217,15.638366,13.772814,17.122131,3.00571482312551,-7.96201286924711
1.5564032,12.657654,15.628782,13.782166,17.141230,2.75685270238121,-7.90259043932415
1.588792,12.608384,15.561698,13.800871,17.188975,2.07973113022568,-7.87067263417127
1.6275376,12.677363,15.532948,13.875688,17.083934,2.3392580823235,-8.40755426192177
1.6626976,12.736488,15.542531,13.847632,17.036189,2.8668731808905,-8.53955333805902
1.7102176,12.795612,15.590449,13.903745,16.988443,3.24581844663553,-8.78333034642629
1.7516672,12.805467,15.695866,13.800871,16.931148,4.24562660264853,-8.50311858713665
1.781592,12.894154,15.734200,13.772814,16.883402,4.99335705065534,-8.64781715995235
1.8129056,12.913862,15.753367,13.726053,16.816557,5.54155241961481,-8.67308539471498
1.844024,12.913862,15.839618,13.697997,16.797459,6.03355177086256,-8.497428994748
1.906408,12.913862,15.762950,13.669940,16.826107,5.74269683567445,-8.5209849798458
1.934048,12.884300,15.609615,13.819575,16.921598,4.18529316282865,-8.87554342450712
1.96404,12.775904,15.571282,13.875688,17.064836,2.92880807504883,-8.58325464871931
2.0141376,12.766050,15.523365,13.959858,17.045738,2.4814474019333,-8.85639259088227
2.0465616,12.756196,15.379613,14.090788,17.141230,1.10774283501779,-9.19533560154871
2.0876944,12.667508,15.245445,14.128196,17.188975,-0.0443558985840475,-9.23764663777756
2.1275008,12.628092,15.149611,14.240422,17.255820,-1.18322519948964,-9.44145791132233
2.1615648,12.618238,15.072943,14.305888,17.169877,-1.4494519888404,-9.84265776192078
2.1887296,12.509842,15.015443,14.287183,17.236721,-2.26181804965725,-9.55880429287968
2.2389456,12.549259,15.044193,14.333944,17.188975,-1.99190407989764,-9.77358844416662
2.2703936,12.608384,14.957942,14.408761,17.217623,-2.45098671205578,-10.1557938160765
2.3002304,12.568967,15.025026,14.502283,17.217623,-2.66101834495176,-10.151146811071
2.3414896,12.618238,14.957942,14.464874,17.179426,-2.47349684072384,-10.3609689301226
2.3716352,12.736488,14.996276,14.427466,17.064836,-1.3443083575667,-10.664113034306
2.4027952,12.706925,15.034609,14.520987,17.055287,-1.59729242104786,-10.7464516003911
2.4354144,12.746342,14.977109,14.399409,16.912049,-0.75951808919357,-10.9306533487918
2.4741488,12.746342,14.977109,14.483579,16.835656,-0.786298549988993,-11.2418756303777
2.5040496,12.844883,14.948359,14.474227,16.807008,-0.384163719026517,-11.5295167171474
2.5602144,12.963133,15.044193,14.436818,16.740164,0.804055684039094,-11.6452784889583
2.6062416,13.061674,15.025026,14.520987,16.510984,1.61291041524992,-12.4671223921901
2.637472,13.110945,15.111277,14.464874,16.482336,2.42817250688646,-12.3494969902194
2.6694432,13.219341,15.187944,14.464874,16.491885,3.10095655773361,-12.4174656074489
2.7102672,13.160216,15.168778,14.511635,16.396393,2.97297995419822,-12.5978753963122
2.7400752,13.219341,15.130444,14.577100,18.060915,-2.82388734728945,-10.0061393342906
2.7716544,13.199633,15.140027,14.633213,18.012588,-2.88805596234287,-10.1462266331811
2.82268,13.239049,15.130444,14.549044,16.358197,3.13009158837538,-12.9736313088877
2.8528432,13.199633,15.168778,14.651918,18.051250,-2.96794241624814,-10.0693286272737
2.8828976,13.308028,15.187944,14.595805,17.935265,-1.91608140647496,-10.340538088118
2.9166512,13.406570,15.207111,14.661270,17.867608,-1.46447945322202,-10.7551585443525
2.9691328,13.406570,15.120860,14.679974,17.867608,-1.85185927142205,-10.940738988547
3.0054288,13.357299,15.082527,14.642565,17.751624,-1.67418238293997,-11.0312431968424
3.0516144,13.377007,15.168778,14.642565,17.925600,-1.85067497340229,-10.6240831621989
3.089088,13.278466,15.216695,14.492931,18.031919,-1.89854297463125,-9.85770744066745
3.1276544,13.120799,15.302946,14.380705,16.367746,3.89319672657829,-12.0581860890647
3.170328,13.130653,15.350863,14.324592,16.377295,4.27647782223839,-11.859910090441
3.2101072,13.061674,15.532948,14.118844,16.577828,4.72330278101514,-10.6110035605252
3.240056,13.041966,15.571282,14.128196,16.673320,4.42508370911349,-10.3540592192171
3.2916256,12.943425,15.600032,14.006618,16.701967,4.48773423466951,-9.79338125442757
3.3226496,12.825175,15.686283,13.847632,16.854754,4.38830346280594,-8.79279408991308
3.3540672,12.775904,15.791701,13.866336,16.873852,4.46795803747539,-8.51259487257037
3.3902496,12.746342,15.858785,13.800871,16.950246,4.57142984401667,-8.06397094059176
3.4339808,12.687217,15.839618,13.660588,17.036189,4.46634071890928,-7.52465958373712
3.4652832,12.628092,15.830034,13.641884,17.055287,4.20427516808194,-7.34182461743111
3.4951456,12.657654,15.849201,13.604475,17.122131,4.28560784743941,-7.1780111287783
3.546592,12.647800,15.887535,13.660588,17.208074,3.89496724277592,-7.06535927271414
3.576528,12.608384,15.858785,13.585771,17.284467,3.63095761482772,-6.73974115132003
3.6099712,12.519696,15.877952,13.595123,17.322664,3.20040929067424,-6.47207059121871
3.6803152,12.490134,15.906702,13.539010,17.379959,3.19318774330033,-6.14212254321464
3.7089216,12.460571,15.839618,13.604475,17.446803,2.36354275627456,-6.21992482716848
3.7491088,12.460571,15.830034,13.539010,17.341762,2.92179420205033,-6.27242011013145
3.7901232,12.391592,15.753367,13.585771,17.341762,2.20075924836462,-6.35436699429252
3.8304112,12.440863,15.839618,13.548362,17.465902,2.41713243402389,-6.02416352958094
3.8702672,12.401446,15.964202,13.529658,17.446803,2.8737381887011,-5.72109097846552
3.9028096,12.450717,15.925869,13.417432,17.532746,3.00710178414091,-5.5049183015886
3.9327584,12.302905,15.973786,13.398728,17.465902,2.92513447075901,-5.17469240822134
3.9628944,12.381738,16.012120,13.333263,17.523197,3.40054228819235,-5.04385841750342
4.0040672,12.253634,16.127121,13.305206,17.504098,3.51593438216296,-4.54306682903139
4.0337776,12.342322,16.136704,13.333263,17.513648,3.75766634972247,-4.7662441504374
4.0639968,12.352176,16.175038,13.239741,17.465902,4.43655946726829,-4.5992510404323
4.0953536,12.401446,16.117537,13.305206,17.456352,4.20869585982211,-4.96129701339437
4.146592,12.243780,16.117537,13.258445,17.609139,3.23767738173544,-4.2605634332105
4.1765264,12.194509,16.098371,13.277150,17.714180,2.54439128365448,-4.05142332900254
4.2061728,12.145239,16.155871,13.192980,17.714180,2.86961796315757,-3.66321318288814
4.2577632,12.214218,16.222955,13.127515,17.723730,3.58353823434448,-3.54482572095721
4.2993456,12.362030,16.721294,12.940472,17.322664,8.09482439532596,-3.29879397161382
4.3291584,12.401446,17.056714,12.893711,17.103033,10.4376549753168,-3.09332363161885
4.3699152,12.480280,17.325050,12.566385,16.549180,14.933342475615,-3.01090960304301
4.399952,12.499988,16.414551,12.426103,16.577828,12.0647126675471,-4.21371512483626
4.4313152,12.440863,16.348365,12.519624,16.845205,10.2559730896633,-3.95106394254899
4.4813712,12.322613,17.238799,12.594442,16.912049,12.6001630375709,-2.26940464693651
4.521592,12.145239,17.171715,12.790837,17.246270,9.77202563198583,-1.87877180168396
4.5529696,11.997426,16.778794,12.837598,17.217623,7.69213350710801,-2.33806933844819
4.6025504,11.751073,16.692543,13.155571,17.876516,2.97645600256826,-1.57003486510415
4.6374496,11.603260,16.040870,13.454841,18.544959,-3.41167385727449,-1.87970647271772
4.666488,11.445594,14.957942,14.231070,18.554508,-10.9451645799482,-4.99850369540984
4.7253488,10.992303,13.443760,15.568430,18.707295,-23.8849402877253,-9.23579767090607
4.7598176,10.834637,13.137090,15.848995,18.860082,-27.2160755432579,-9.76777342241986
4.7875776,10.992303,13.606678,16.073446,18.812336,-25.0408527142433,-9.83115935974729
4.8377488,11.140115,13.587511,16.195025,18.621352,-24.2834979741262,-10.759471388825
4.8704672,11.051428,13.405426,16.400772,18.248934,-24.9362944204987,-11.9856713905198
4.9003072,11.130261,13.645012,16.391420,17.991107,-22.7608380908364,-12.1617379703296
4.9415872,11.199240,13.462926,16.587815,18.124795,-24.2483685966012,-12.7931554290898
4.9728176,11.159824,13.089173,16.765507,18.153443,-26.6433062463758,-13.6989854701131
5.0015488,10.982449,13.146673,16.737450,18.143893,-27.0493268040395,-13.1924288309772
5.0415888,11.031720,13.510844,16.541055,18.363525,-25.338469131284,-11.8414238533956
5.1028784,10.775512,13.185007,16.606520,19.012869,-29.9668533221825,-10.8758408023613
5.1339552,10.479887,12.955005,16.512998,19.137008,-32.3599921723528,-10.2520673707971
5.1743328,10.332075,13.041255,16.419477,19.356639,-32.9980646991717,-9.20814274438738
5.2062944,10.460179,13.424593,16.232433,19.242049,-29.8720938186962,-8.6172818136987
5.235144,10.617846,14.047516,15.895755,18.707295,-23.9022584727549,-8.08578732429687
5.2664496,10.943032,14.737523,15.409443,18.277582,-16.7989035609527,-7.29661326235488
5.3057248,11.406177,15.552115,14.969891,17.570943,-7.91438284153993,-7.16326734363062
5.3367312,11.849614,16.414624,14.184309,16.568279,3.27048410949248,-6.66744852747614
5.3666304,12.421155,17.478385,13.230389,17.732293,8.61703589659385,-2.18540791615031
5.4064832,13.189778,17.010220,12.052016,17.384340,15.1711382467724,-2.5941649056651
5.4525984,13.840152,17.445154,11.060687,16.678770,25.4048656907161,-2.27706256046193
5.48744,14.145631,17.322238,10.724009,17.007392,26.0636458583587,-1.87336435164335
5.530184,14.194902,16.970463,11.135504,16.881742,23.9152096130447,-3.67541767602227
5.5791008,13.741611,14.440437,13.557715,17.666434,1.31222280326511,-10.8648203575015
5.6087616,11.209094,11.459989,15.531021,23.653770,-45.4091715431423,-4.65738725807491
5.6537584,8.380954,9.926640,16.400772,27.253811,-76.1652223456099,2.72111119443469
5.6812896,5.749896,9.083298,16.269842,29.956230,-98.9119792275608,11.6861411692644
5.7126736,4.449148,8.163288,16.475590,30.615123,-112.628829593661,14.0001821707368
5.7676976,4.183086,7.377447,17.083480,28.791230,-116.947146811399,9.48790280653187
5.8041024,4.390023,7.511615,17.326636,28.991762,-115.585062522989,8.86324367230546
5.834104,4.488565,7.530781,16.356900,29.440574,-114.086211037083,11.7056742855945
5.8653696,4.626523,7.626616,17.233286,29.832090,-114.658423803659,9.8879400154558
5.9154,4.863023,7.454114,17.934395,29.230492,-114.438417194371,6.52496666944716
5.94548,5.188209,6.965359,19.189010,27.989098,-115.404925599896,0.232664061654898
5.9779472,5.138939,6.812024,19.659491,28.122787,-117.469863446253,-0.745328426044864
6.0167184,4.665940,6.744940,19.594915,29.411926,-122.321973408093,2.3556903302643
6.0467392,4.064836,6.227435,19.594915,29.841639,-129.488030598257,3.5942963510502
6.0765312,3.700233,5.604511,19.724067,28.657541,-134.258721414484,1.32714928128134
6.119088,3.670670,5.134923,20.259123,26.795451,-135.844594072991,-3.76279535376693
6.1490864,3.493296,5.029505,19.604140,26.633115,-136.709445545945,-2.25938023835094
6.1802912,3.424317,4.732419,19.438088,25.802336,-137.957797779486,-3.71041560229703
6.2127376,3.503150,4.598251,19.834768,25.172090,-138.049141903524,-6.28288685978572
6.2528128,3.680525,4.885754,20.480526,25.840533,-136.522735881006,-6.45458531303046
6.2816016,3.749504,4.818670,20.748054,25.764139,-136.744668114322,-7.49579837625927
6.312936,3.719941,4.636585,20.369825,24.780574,-136.47670060096,-8.74010296034433
6.3540752,3.749504,4.876170,19.364287,23.968893,-132.218936935144,-7.515797588962
6.4055248,4.941856,5.633262,20.037721,23.472336,-119.437903491016,-11.3936886476295
6.435488,5.946979,6.179517,21.347687,24.207623,-113.071172085644,-13.9786183135167
6.4776928,6.252458,6.265768,21.735141,24.303115,-111.534243241676,-15.065118333469
6.5164208,6.262312,5.834514,23.026657,23.959344,-115.447198678876,-19.1162801016961
6.5477856,5.838583,5.652429,23.321861,24.742377,-120.555051380836,-17.7276599127442
6.5888464,5.946979,5.815347,23.958394,24.847418,-120.012585473896,-18.6649139224303
6.6199728,6.311582,5.738679,23.939943,23.720615,-116.717254854161,-21.6029910173936
6.6490528,6.715603,5.422426,24.401199,21.810779,-114.028031331863,-27.6779499792622
6.684064,6.922540,5.259508,24.447325,20.970451,-112.524007805602,-30.2632222761961
6.7216928,7.405393,5.249924,25.231459,20.855861,-110.817067159585,-32.7650989702908
6.7517568,7.868538,4.416166,27.666889,18.010205,-112.329025551366,-45.8735197840344
6.7840992,8.489349,4.147830,29.714864,17.351311,-112.44969837767,-51.9878021180383
6.8401552,8.578037,3.754909,30.766527,17.751624,-116.343223051123,-53.5086850898093
6.8749552,8.627307,3.361988,30.821878,16.340483,-116.337493730894,-58.1473071703211
6.9066016,8.686432,3.141569,31.486086,15.789558,-117.447860452797,-61.061176785653
6.9505376,8.804682,2.815732,32.011917,14.707038,-117.853388208564,-65.6085470696299
6.9868016,8.922932,2.719898,33.515611,14.349420,-119.383838483602,-68.6906208184855
7.0399392,8.784974,2.528229,33.626312,14.291428,-121.397459591214,-69.3458913819643
7.0964032,7.316706,2.096975,33.607862,15.702569,-134.689724736134,-64.9826281537558
7.1300848,6.912685,2.528229,33.783139,17.432667,-136.706857386341,-59.0602859768389
7.17408,7.228018,2.988234,33.063580,16.463238,-130.056780865998,-59.8569882963801
7.2114608,7.149185,3.055318,31.725939,18.089911,-130.483612779977,-53.7658379118482
7.241544,7.129477,3.457822,30.498999,16.940697,-125.098244616805,-53.9404828936068
7.2714352,7.277289,3.314071,30.037743,17.915935,-125.767278162888,-51.4115279060949
7.3328864,7.178748,3.505740,29.844016,16.759262,-123.34422892851,-53.437630383439
7.3641504,7.060498,3.687825,29.521137,17.494549,-123.531528906069,-50.4816294027689
7.4029648,7.099914,3.889077,29.521137,18.105697,-122.924541959383,-48.5366297868942
7.4454576,6.853561,3.889077,28.893829,18.659549,-124.30903039166,-45.9011282018479
7.476568,6.794436,3.697408,28.847704,17.752377,-124.528266803027,-48.429466443357
7.5116928,6.942248,3.898660,28.681652,17.838320,-122.2663883294,-47.6895640901123
7.5590368,6.942248,4.004078,27.925192,17.809672,-120.479762557131,-46.3446848830239
7.596384,7.011227,4.042412,27.344010,17.905164,-119.092498246856,-45.2130672887023
7.6276704,7.030935,4.128663,27.556188,18.296680,-119.345887072759,-44.4087025712675
7.6814016,7.178748,4.444916,27.482387,18.974672,-117.445083770583,-42.1552050101653
7.7087824,7.021081,4.291581,27.454712,19.175205,-119.562569189051,-41.7502971879341
7.73908,6.626915,4.339498,27.334785,20.082377,-122.769069825302,-38.7179608689139
7.7804688,6.222895,4.128663,27.362460,20.244713,-126.766380044242,-38.209658174092
7.810376,6.380561,3.994495,28.829253,20.063279,-128.302554557063,-41.5411859438397
7.8414528,6.301728,3.735742,29.179808,19.375738,-129.924642791196,-44.1579441697551
7.876552,6.301728,3.486573,29.262834,18.898279,-130.962619272278,-46.0180229777121
7.9129648,6.715603,3.591990,30.554350,18.783689,-129.272728644347,-48.5577116754699
7.9440688,7.021081,3.505740,30.840328,17.972008,-127.286543147502,-51.5660919083627
7.9740192,7.356122,3.400322,31.698264,17.618689,-126.570309193557,-54.3158075646392
8.0353968,7.523643,3.534490,31.559887,17.513648,-124.473022103137,-54.2826730785963
8.0704736,7.178748,3.448239,29.963942,17.064836,-124.29151101158,-52.9714069189814
8.1154544,6.912685,3.774076,28.995305,18.248934,-124.223914259018,-47.4141354391003
8.1575824,6.469249,3.936994,27.519287,19.127459,-125.123626839965,-41.9183351604763
8.1891408,6.065229,4.176580,26.301572,19.986885,-125.652842168958,-36.633462876226
8.2201616,5.444417,4.138246,24.567251,20.254262,-127.833221595095,-31.8650025203371
8.2776544,4.941856,4.425749,23.626290,22.507869,-131.019264641266,-23.4477617913203
8.3240176,4.459002,4.684502,22.279423,23.615574,-132.167179134126,-16.8558505189934
8.3616832,4.390023,4.818670,21.836618,24.341311,-132.109672431788,-14.052887568666
8.3940816,4.301336,5.441593,21.236985,26.661762,-130.91297860767,-7.10655907218823
8.4228112,4.478711,6.093266,20.987907,28.667090,-128.094231054358,-2.49890476148392
8.4537952,4.291482,6.217851,20.203773,29.029959,-127.932612948209,0.427256795995369
8.494,3.936733,6.054933,19.069084,28.151434,-128.481038637856,2.22756169431403
8.5253184,4.261919,6.562855,18.321850,28.437910,-122.705547111408,4.49144330985638
8.5540368,4.478711,6.725773,17.362438,27.922254,-118.216694650265,5.75491823278625
8.5962224,4.596960,6.725773,17.288637,27.282459,-116.385846117411,4.63463600737594
8.6251952,4.981272,6.955775,17.058009,27.292008,-112.272906895275,4.63581066616031
8.655296,5.198064,7.291196,16.596753,27.330205,-108.244850521673,5.82815936119971
8.6889328,5.572521,9.428301,17.635258,28.055943,-97.0795604005284,6.72553397496143
8.7376112,6.498811,13.194590,16.297898,28.180082,-71.2188071918044,12.9131563974242
8.7676784,6.577644,11.776242,15.166287,25.429918,-69.2882364043872,9.8110045844096
8.801664,6.715603,11.891243,14.249775,23.968893,-62.320383797694,9.79052888594589
8.8491472,7.385685,12.657918,13.922449,23.873402,-54.0499285628399,9.91402771176216
8.8791232,8.518912,14.095433,13.838279,23.500984,-40.7746663132944,8.88647233736039
8.915512,9.051036,14.315852,13.669940,22.908934,-35.3175260382403,7.49171121561211
8.9804176,9.612722,14.037932,13.333263,21.619795,-29.3556651591942,4.63730103685108
9.0277552,10.824783,14.124183,12.912415,21.505205,-22.1317356722875,2.7457805518279
9.0728592,11.021866,13.951682,12.659907,21.400164,-20.9250727088499,2.44565267374921
9.1029696,10.883908,13.769596,12.977880,21.409713,-23.2954352618778,1.76207068940302
9.1329792,10.706533,13.558761,13.211684,21.572049,-26.1664190344972,1.55656044305451
9.1664032,10.391200,13.530010,13.342615,21.657992,-28.3108346434887,2.07072531142687
9.2138016,9.937909,14.220018,13.146219,21.896721,-27.4080807541886,5.00575207501382
9.243768,9.859076,14.267935,13.155571,21.868074,-27.4844050640486,5.19810311886167
9.2752256,9.711264,14.373353,12.968528,22.068607,-27.7085477399646,6.44608467410272
9.326408,9.711264,14.507521,12.865654,22.039959,-26.7338585996217,6.84670976927289
9.3774048,9.681701,14.478770,12.790837,22.164098,-27.134004050325,7.23604697584523
9.4113888,9.484618,14.382936,12.856302,22.746598,-30.3232346196531,8.25810241546262
9.4476464,9.188994,14.181684,12.716020,23.052172,-32.9868865121357,9.45843015062832
9.4775008,8.893369,14.143350,12.753428,23.577377,-36.081677704466,10.7753690872873
9.5088784,8.755411,14.018766,12.725372,23.644221,-37.3681328984424,11.100841099883
9.5587216,8.440079,14.028349,12.659907,23.921148,-39.3439080368705,12.4389398275797
9.5986992,8.242996,14.287102,12.454159,24.322213,-39.6075823882019,14.3406263213151
9.6287568,8.154308,14.172100,12.426103,24.494098,-40.9300308489773,14.7095017027423
9.6700576,8.055767,14.181684,12.444807,24.532295,-41.4921909826938,14.9740305402264
9.7014,7.947371,14.105016,12.566385,24.331762,-42.1232399195051,14.5695221944305
9.7315648,7.779851,14.248768,12.659907,24.331762,-42.4890526477315,14.9491530254492
9.7668336,7.799559,14.459603,12.669259,24.465451,-41.8248477094855,15.3342532248443
9.8028528,7.927663,14.469187,12.500920,24.274467,-40.2094826179677,15.1949739521159
9.8341504,8.085329,14.584188,12.341933,24.178975,-38.2651810678166,15.2242487750997
9.8641536,8.233141,14.641689,12.229707,24.341311,-37.4822475251841,15.42585002939
9.9141424,8.400662,14.469187,11.808860,24.226721,-35.9902442895942,15.6863431012238
9.9453008,8.400662,14.382936,11.500239,24.704180,-36.8587319783137,16.9887411083493
9.9774704,8.597745,14.220018,11.444126,24.866516,-37.0056241134816,16.6277906374268
10.0202432,8.824390,13.836680,11.584408,24.732828,-37.7307533248121,15.0126308445155
10.0576656,9.011619,13.558761,11.752747,24.809221,-38.8282415299161,13.8471766783439
10.0891408,9.356514,13.185007,11.930438,24.656434,-39.0285216471007,11.826721259431
10.1215936,9.533889,12.811253,12.229707,24.398607,-40.0367074433799,9.76829438201081
10.1626976,9.553597,12.753752,12.500920,24.369959,-40.880937092892,8.9385948255197
10.1954944,9.799951,12.590834,12.856302,24.169426,-40.9274793582644,6.97031188770342
10.2425568,9.987180,12.370415,12.996585,23.625123,-39.9615475255911,5.05975428995324
10.28308,9.701410,12.264997,13.249093,23.424590,-41.90060057686,4.67511574246102
10.3139184,9.563452,12.590834,13.398728,23.491434,-41.6336077703085,5.24113611999394
10.346256,9.317098,12.955005,13.501602,23.615574,-41.7179498338324,6.30679880457796
10.3940736,9.553597,13.117923,13.828927,23.300451,-39.9436005200037,4.76011525178092
10.4252128,9.504327,12.916671,13.978562,22.546066,-39.4020302392333,3.07839418199848
10.4566304,9.622576,13.050839,14.081436,22.402828,-38.1448505323925,2.55174952944589
10.49624,9.504327,13.156257,14.090788,22.230943,-37.745634663349,2.70107717024621
10.5277392,9.405785,13.530010,14.025323,22.259590,-36.4030522507815,3.69966594864546
10.556216,9.415639,13.673762,14.044027,22.297787,-35.8779128253452,3.90963051690949
10.5914608,9.346660,13.635428,14.044027,22.068607,-35.7063319540679,3.66329503791748
10.6474336,9.386077,13.779180,14.137549,21.896721,-34.6647146194893,3.31106745805425
10.6776144,9.415639,13.913348,14.146901,21.724836,-33.4706004627955,3.16302794809647
10.7141376,9.494473,13.990015,14.221718,21.591148,-32.6131616787339,2.72011560981436
10.7491408,9.474764,14.095433,14.259127,21.333320,-31.5954028853057,2.44426949184801
10.7788784,9.563452,14.181684,14.333944,21.123238,-30.4315238315903,1.87587442054811
10.81016,9.602868,14.162517,14.362001,21.065943,-30.2570240112937,1.60200670623794
10.8616752,9.642285,14.181684,14.371353,20.922705,-29.6065039458838,1.29634314829
10.9128048,9.632431,14.478770,14.380705,20.693525,-27.7038411087609,1.40375070807704
10.946512,9.681701,14.469187,14.390057,20.636230,-27.3888400500897,1.16498103833891
10.98296,9.770389,14.574605,14.418114,20.473893,-26.1484733420907,0.809306355633371
11.0140736,9.740826,14.680022,14.418114,20.445246,-25.7361442721588,0.997135341982954
11.0439296,9.770389,14.660856,14.362001,20.387951,-25.3496176549385,0.937697280667017
11.0853344,9.849222,14.670439,14.661270,20.187418,-25.2682527082325,-0.221293805777041
11.1152656,9.868930,14.593772,14.689326,19.910492,-24.7598262635984,-0.893095506420426
11.1468752,9.849222,14.756690,14.698678,19.920041,-24.203694734912,-0.593730416074855
11.176624,9.918201,14.747106,14.633213,19.920041,-23.7509618073456,-0.616945429086254
11.2265696,9.898493,14.718356,14.717383,19.996434,-24.4453852598545,-0.686055062450642
11.2562208,9.770389,14.641689,14.642565,20.044180,-25.240902320758,-0.27429160606146
11.2887536,9.780243,14.651272,14.595805,20.044180,-25.0156919677711,-0.175406129351263
11.3288384,9.750680,14.862108,14.577100,20.091926,-24.3269993287742,0.344015674117003
11.3589152,9.799951,14.957942,14.464874,20.130123,-23.483689087003,0.697899654262709
11.3902992,9.790097,15.025026,14.511635,20.015533,-23.0338414879002,0.539450869700179
11.4304496,9.750680,14.986692,14.427466,19.910492,-22.7854810378764,0.59449028328676
11.4629568,9.750680,15.063360,14.390057,19.986885,-22.5789048488074,0.9209127867821
11.5040992,9.681701,15.245445,14.352648,20.235164,-22.744139095617,1.83467462960349
11.5367872,9.642285,15.207111,14.184309,20.139672,-22.2661838383925,2.10366775509528
11.5742608,9.593014,15.504198,13.959858,20.273361,-20.9389290960839,3.39856971097992
11.603752,9.484618,15.532948,13.772814,20.244713,-20.606787843526,4.08678594508802
11.6364416,9.514181,15.715033,13.641884,20.397500,-19.7834728035242,4.83061768451288
11.6762272,9.504327,15.609615,13.716701,20.387951,-20.4706920382449,4.50528264984172
11.706496,9.484618,15.600032,13.810223,20.330656,-20.7063465640492,4.23159259606672
11.7390128,9.602868,15.590449,13.810223,20.311557,-20.1900154884018,3.91247185362399
11.7742832,9.543743,15.580865,13.754110,20.158770,-19.8291510676089,3.93432766582326
11.8089552,9.622576,15.743784,13.791519,20.120574,-18.8123296193582,3.85297600881695
11.8390592,9.671847,15.849201,13.716701,20.072828,-17.7833788315403,3.99996008271921
11.8701568,9.691556,15.877952,13.641884,19.986885,-17.0754814381483,4.04164860462918
11.9100896,9.740826,15.992953,13.679293,19.967787,-16.452684987968,3.98515526954485
11.9628752,9.760535,16.117537,13.539010,19.872295,-15.1093555249484,4.31007865395684
11.9928064,9.740826,16.136704,13.482897,19.996434,-15.3281766874313,4.70319015233293
12.0426528,9.770389,16.146288,13.426784,19.929590,-14.7752865474418,4.67918288550373
12.0743184,9.750680,16.060037,13.361319,19.986885,-15.1855832834182,4.83530051507645
12.1090576,9.632431,16.060037,13.267797,20.101475,-15.7416641977208,5.50625158351022
12.1615744,9.593014,16.194205,13.249093,20.254262,-15.7766726609399,6.0709492747942
12.1964384,9.602868,16.213372,13.155571,20.387951,-15.7844839413346,6.49469684113024
12.2266288,9.494473,16.117537,13.043346,20.473893,-16.5459020575845,7.00462113599113
12.2775952,9.455056,16.194205,12.968528,20.617131,-16.6081891896754,7.59934942435708
12.312784,9.484618,16.136704,12.846950,20.798566,-16.9132779706747,7.99981681801255
12.3491328,9.336806,16.098371,12.762781,20.941803,-17.8739479813554,8.70956971211423
12.39052,9.336806,16.136704,12.762781,21.027746,-17.9843881556654,8.88823357246568
12.4201296,9.287535,16.165455,12.716020,21.123238,-18.2227971837888,9.29796155842041
12.4555104,9.218556,16.280456,12.641202,21.199631,-18.0360743949742,9.9183361769695
12.504136,9.159431,16.146288,12.566385,21.285574,-18.8779062166161,10.1759247646103
12.5327824,9.090452,16.280456,12.575737,21.390615,-18.962776062521,10.658454496466
12.5627904,9.139723,16.146288,12.622498,21.266475,-19.0762877810449,10.0601470102402
12.5975088,9.120015,16.050453,12.585090,21.295123,-19.5340416350994,10.1041748168702
12.6339536,9.100307,16.040870,12.725372,21.333320,-20.2134082294095,9.85099521144825
12.6653024,9.120015,15.964202,12.818894,21.247377,-20.476853467721,9.34436797042033
12.6953072,9.149577,16.050453,12.837598,21.323770,-20.2844931883158,9.45944123399704
12.7368896,9.208702,15.916285,12.875007,21.104139,-20.0341550407988,8.71946322202953
12.776648,9.228411,15.897118,12.987233,21.123238,-20.4399503687361,8.401289174287
12.8116352,9.346660,15.849201,13.080754,20.894057,-19.7225022295403,7.49087529130499
12.8491152,9.326952,15.858785,13.155571,20.874959,-19.9385010062973,7.34522824148417
12.8789776,9.405785,15.772534,13.202332,20.655328,-19.4304980176469,6.59582179097221
12.9201936,9.504327,15.657533,13.333263,20.598033,-19.729782922582,5.79492767248426
12.9717504,9.553597,15.791701,13.520306,20.483443,-19.1863897906795,5.26700379246742
13.0017328,9.691556,15.609615,13.557715,20.206516,-18.6218792905837,4.16438531642155
13.0328416,9.583160,15.657533,13.585771,20.302008,-19.2626082249076,4.56990123428906
13.0841408,9.602868,15.743784,13.576419,20.244713,-18.6099900935496,4.58935297970442
13.115448,9.671847,15.830034,13.595123,20.311557,-18.230376835081,4.61484719518556
13.1464352,9.681701,15.810868,13.529658,20.302008,-18.0341412652969,4.70164729903897
13.1769856,9.632431,15.820451,13.464193,20.263811,-17.8738201589738,4.9275970231555
13.2341312,9.622576,15.820451,13.398728,20.454795,-18.3090343717265,5.39077462760314
13.2689296,9.563452,15.897118,13.342615,20.569385,-18.4189830747446,5.94664428339825
13.3002688,9.514181,15.887535,13.333263,20.559836,-18.605273329336,6.05671162052107
13.3389248,9.464910,15.849201,13.305206,20.598033,-19.0031878083451,6.23951542010787
13.3702768,9.445202,15.782117,13.267797,20.683975,-19.5185646650241,6.40289328579246
13.4054848,9.386077,15.743784,13.323910,20.703074,-20.1624990098841,6.38159280744159
13.4516944,9.287535,15.743784,13.333263,20.779467,-20.8441366129475,6.70648042293703
13.4914816,9.317098,15.667116,13.351967,20.817664,-21.2192882838903,6.53488412856766
13.5239488,9.277681,15.657533,13.370671,20.789016,-21.3959086500812,6.52764580197623
13.5826736,9.317098,15.657533,13.417432,20.903607,-21.7266899834281,6.4921457513756
13.6187632,9.297390,15.695866,13.426784,20.769918,-21.2647233613283,6.37591361938536
13.6553232,9.297390,15.657533,13.333263,20.808115,-21.2558276243701,6.59800285485917
13.6952544,9.287535,15.743784,13.380023,20.874959,-21.2838467702561,6.73588683202814
13.7265552,9.267827,15.791701,13.361319,20.941803,-21.3132161110112,6.99553970097549
13.756752,9.238265,15.820451,13.286502,20.913156,-20.997498438744,7.24420419339632
13.7978448,9.287535,15.734200,13.258445,20.913156,-21.0668298881497,7.06727089299557
13.8301376,9.198848,15.810868,13.230389,21.008648,-21.3258654322894,7.59774612886326
13.8589952,9.248119,15.820451,13.211684,21.027746,-21.0787697472919,7.56646326810947
13.8926864,9.208702,15.782117,13.192980,20.960902,-21.1426560656426,7.55212283974486
13.9390688,9.208702,15.839618,13.183628,21.018197,-21.0480407171933,7.74179533674515
13.9789088,9.198848,15.772534,13.202332,20.960902,-21.2537798132726,7.53933002826796
14.0117088,9.238265,15.676699,13.351967,20.789016,-21.4238655819231,6.69439769742062
14.0615712,9.366369,15.647949,13.492249,20.626680,-20.9351529102615,5.77358975153228
14.0927328,9.455056,15.695866,13.576419,20.626680,-20.6199010162022,5.43741658836617
14.1290688,9.376223,15.638366,13.539010,20.607582,-21.0196540489093,5.59701626978522
14.172864,9.366369,15.561698,13.660588,20.617131,-21.7903614020375,5.23330476952352
14.2028512,9.405785,15.446697,13.838279,20.464344,-22.1874286060032,4.32053992208285
14.23412,9.514181,15.552115,13.969210,20.321107,-21.245250481489,3.70538365313944
14.2839392,9.524035,15.302946,14.184309,20.111025,-22.2733022182914,2.48039638331826
14.3139296,9.573306,15.408363,14.240422,20.072828,-21.6729848099889,2.34132234998143
14.3452896,9.642285,15.408363,14.240422,19.881844,-20.7920920390475,1.88674001021383
14.3877792,9.593014,15.408363,14.156253,19.910492,-20.8280638453977,2.23855505467563
14.4153872,9.612722,15.561698,14.081436,20.015533,-20.1924390149188,2.76492252527789
14.446672,9.661993,15.609615,13.978562,20.063279,-19.6133601861136,3.03560379957854
14.4904272,9.602868,15.638366,13.969210,20.034631,-19.6224407205209,3.19425542513609
14.5377296,9.612722,15.715033,13.847632,20.139672,-19.2084950115903,3.73074191237557
14.5691584,9.622576,15.667116,13.772814,20.063279,-18.8953652814143,3.69257108196677
14.599032,9.681701,15.647949,13.763462,20.168320,-19.0273356556736,3.70758025035637
14.6512944,9.593014,15.753367,13.726053,20.187418,-18.900155697255,4.19032494392926
14.68532,9.612722,15.705450,13.669940,20.177869,-18.8127648144765,4.18826688383819
14.7276192,9.593014,15.571282,13.791519,20.273361,-20.1353815393214,3.89185023979077
14.762824,9.681701,15.485031,13.856984,20.130123,-19.8832551140645,3.1830484018669
14.792728,9.661993,15.408363,13.969210,20.139672,-20.6674782025329,2.86554464038033
14.822944,9.711264,15.446697,14.053379,20.025082,-20.2041938481521,2.43982464731645
14.8640816,9.701410,15.350863,14.137549,19.996434,-20.8215269778994,2.07601360369455
14.8954384,9.681701,15.283779,14.203014,20.025082,-21.4790772264609,1.91112566242119
14.925264,9.652139,15.197528,14.203014,20.101475,-22.205116395497,1.96376219288632
14.961416,9.632431,15.140027,14.268479,20.101475,-22.7342681340952,1.76910747846672
14.99684,9.730972,15.082527,14.259127,20.091926,-22.5017754475212,1.459881458376
15.0276352,9.691556,15.015443,14.408761,20.053730,-23.2962960168384,1.04288850694267
