0.0306384,13.105523,16.217413,13.425406,16.482336,-1.94381297412697,-12.1725647819133
0.0891136,13.046412,16.140718,13.472164,16.482336,-2.6153467385225,-12.2787111079468
0.1315552,13.056263,16.121544,13.490867,16.606475,-3.16479315716558,-12.1582614565403
0.1631696,13.007004,16.207826,13.509571,16.759262,-3.64243642161951,-11.6831960768317
0.2044752,12.760706,16.284521,13.378648,16.921598,-4.38470382930625,-10.4706173960058
0.2330448,12.691742,16.255760,13.247726,17.083934,-4.861463280542,-9.8141511948866
0.2631264,12.593223,16.179065,13.200968,17.274918,-6.03137931251691,-9.30727448660739
0.3054688,12.475000,16.236586,13.060693,17.437254,-6.33806776221891,-8.37664879318834
0.3342992,12.337073,16.370803,13.032639,17.504098,-6.48950973771545,-7.67965396902524
0.3945152,12.327221,16.399563,12.967177,17.485000,-6.11839580788238,-7.49780484304446
0.4468816,12.169590,16.552954,12.854958,17.542295,-5.93910664447805,-6.55463386763169
0.4793104,12.149886,16.687170,12.695981,17.847869,-6.02911549138437,-5.44419777227538
0.5119808,12.071071,16.965190,12.462190,17.991107,-4.96323978008153,-4.07186760775938
0.5693728,12.140034,16.850147,12.378026,17.866967,-4.39246754052232,-4.41714994262891
0.6004864,12.140034,16.744691,12.396729,17.695082,-4.23737926419792,-4.90331600575292
0.6319472,12.179442,16.744691,12.490245,17.752377,-4.63077529604562,-5.11057581686896
0.6829968,12.189294,16.706344,12.452839,17.771475,-4.67190196364033,-5.07957044389894
0.7157344,12.169590,16.773452,12.424784,17.838320,-4.63331613222582,-4.75730121031607
0.7554288,12.110479,16.840560,12.321916,17.972008,-4.7135602054892,-4.0718802260958
0.8180528,12.071071,16.878908,12.219048,17.924262,-4.17823699068769,-3.7642739417666
0.8455536,12.041515,17.061058,12.125532,18.115246,-3.95869455406303,-2.896511573264
0.875688,11.933144,17.080232,11.966555,18.182090,-3.96067871247867,-2.15078386512653
0.9268016,11.824773,17.271970,11.863687,18.411270,-4.10261047327611,-1.01429949086666
0.96168,11.736106,17.396599,11.667303,18.487664,-3.53920987755166,-0.0470204767276705
1.025512,11.647438,16.405096,11.396107,18.592705,-7.02873657568669,-0.565999311001757
1.0693152,11.539067,16.679293,11.162316,18.669098,-5.8222098332206,0.79103980774304
1.1006432,11.509511,16.669838,11.096855,18.554508,-5.3169867039414,0.827898225364674
1.1491408,11.440548,16.792754,11.031394,18.640451,-5.18475865880917,1.47175933558596
1.1818304,11.450400,16.944035,10.984636,18.707295,-4.64226745731346,1.89267337418808
1.211824,11.332177,16.953490,10.863065,18.697746,-4.57866600957122,2.47262340479839
1.2531568,11.312473,17.057496,10.853713,18.917377,-5.02358869978891,3.02980570953965
1.28284,11.243509,17.095316,10.825658,18.965123,-5.21394549789218,3.39321265817164
1.3206432,11.144990,17.142591,10.704087,18.831434,-4.47873955756992,3.8022058582575
1.3631424,11.243509,17.237142,10.657329,18.917377,-3.88617750260255,3.94358291805432
1.3931552,11.194250,17.133136,10.685384,18.888730,-4.46787877038891,3.79853007065907
1.4245616,11.095730,17.170957,10.619923,18.965123,-4.7399559157005,4.3706798498223
1.460592,11.125286,17.152046,10.526407,18.917377,-4.18134617135715,4.42965851947433
1.5057264,11.144990,17.303328,10.535758,19.089262,-4.1930298919361,4.8343029679224
1.5357472,11.115434,17.331693,10.470297,19.041516,-3.78326122340906,5.04007512605299
1.5666176,11.135138,17.341148,10.526407,18.965123,-3.59799218638307,4.75488490817492
1.6181376,11.243509,17.378968,10.498352,18.888730,-2.65984018610659,4.50051950776992
1.668144,11.125286,17.369513,10.470297,18.965123,-3.32156800282068,4.95920051827671
1.7190032,11.243509,17.322238,10.629275,18.869631,-3.28560574738164,4.06751314626641
1.751848,11.322325,17.189867,10.638626,18.755041,-3.10191360596106,3.48483597591482
1.7792144,11.292769,17.237142,10.685384,18.850533,-3.55714855632553,3.65551080578065
1.8280896,11.322325,17.265507,10.741494,18.898279,-3.71751964341808,3.5598418178667
1.8631776,11.322325,17.189867,10.722791,18.850533,-3.76134648457926,3.42191674904356
1.8920064,11.342029,17.123681,10.657329,18.716844,-3.20669198986058,3.2348068040541
1.9218368,11.332177,17.123681,10.629275,18.688197,-3.03504173671839,3.28450406383271
1.9703952,11.351880,17.284417,10.610571,18.755041,-2.52849310508915,3.62213033295895
2.0054064,11.332177,17.256052,10.498352,18.630902,-1.83562830469229,3.7178237010271
2.0466512,11.351880,17.331693,10.601220,18.640451,-1.89215907412372,3.54467495948986
2.1066928,11.351880,17.482974,10.554462,18.678648,-1.29107715137082,3.94064585088287
2.1580864,11.381436,17.378968,10.601220,18.449467,-0.893323444000786,3.25748776743409
2.2094,11.440548,17.170957,10.760197,18.449467,-2.04592048697781,2.41263106285035
2.2394944,11.558771,17.284417,10.853713,18.459016,-1.55421335163386,2.08640488547131
2.275768,11.519363,17.237142,10.881768,18.363525,-1.63069681249943,1.89755261742868
2.3416928,11.509511,17.123681,10.900471,18.229836,-1.66943527791672,1.49934466550627
2.3731472,11.598179,17.123681,11.050097,18.105697,-1.42942284850414,0.735088654388544
2.4158736,11.686846,17.170957,11.078152,18.057951,-0.845164776810553,0.455046166065163
2.4531744,11.716402,17.152046,11.134262,18.019754,-0.871770037638808,0.162474220539
2.4957136,11.617882,17.076406,11.087503,17.895615,-0.890390661024191,0.199574666360871
2.5295712,11.686846,17.076406,11.181020,18.000656,-1.36958674605471,-0.0253642943355139
2.5731616,11.755809,17.029130,11.199723,18.019754,-1.42812647012863,-0.277675002467696
2.6068448,11.785365,17.104771,11.255832,18.067500,-1.41731554098873,-0.289158988936567
2.6367504,11.745957,17.066951,11.283887,17.962459,-1.42249663450876,-0.484276645651004
2.6880288,11.785365,16.934580,11.293239,17.828770,-1.31113856063596,-1.01623441707995
2.719504,11.755809,16.925125,11.302591,17.838320,-1.52849817069347,-0.9682054410574
2.7491664,11.834625,16.962945,11.339997,17.876516,-1.3696638258884,-1.12368000807019
2.8093472,11.814921,17.010220,11.321294,17.933811,-1.40896226701599,-0.869155467628612
2.84068,11.696698,16.991310,11.283887,17.991107,-1.99870311001493,-0.440693209000933
2.8744752,11.588327,17.076406,11.246481,18.029303,-2.08947800065209,0.0978718892733426
2.931928,11.696698,17.038586,11.237129,18.162992,-2.28212649078894,0.0107561067292856
2.9728432,11.686846,16.944035,11.311942,18.172541,-2.98619468763289,-0.275117059203115
3.0143824,11.706550,16.764388,11.368052,17.933811,-2.92006837838518,-1.10932851926258
3.0445184,11.765661,16.679293,11.555084,17.886066,-3.53210197167343,-1.90059013128266
3.0758112,11.834625,16.660383,11.583139,17.828770,-3.23430323244527,-2.24957068348635
3.105528,11.864181,16.688748,11.667303,17.761926,-3.07825528652388,-2.57709693471128
3.15564,11.864181,16.660383,11.667303,17.656885,-2.79884053414171,-2.79048582833333
3.1867568,11.893736,16.679293,11.657952,17.781025,-3.03793100642852,-2.60889584732623
3.2254752,11.854329,16.660383,11.527029,17.886066,-3.16385605273281,-2.07303024949844
3.27692,11.933144,16.613107,11.667303,17.790574,-3.20886492225092,-2.81312692594648
3.3120336,11.962700,16.471281,11.686007,17.685533,-3.31768131636023,-3.32220355518943
3.3445424,11.923292,16.594197,11.667303,17.733279,-3.10726319838568,-2.91218191508571
3.3944064,12.090775,16.594197,11.742116,17.704631,-2.64330870761377,-3.52118891550063
3.4319136,12.071071,16.528012,11.732765,17.685533,-2.86324309466702,-3.59122475492077
3.4631632,12.238554,16.395641,11.901094,17.523197,-2.75249487827657,-4.84375332507112
3.5119296,12.327221,17.482881,11.966555,17.341762,2.03138012309708,-3.73853780918441
3.5431664,12.455296,17.387012,12.078774,17.284467,1.94560147204294,-4.52602483861522
3.599144,12.455296,17.434947,12.069423,17.332213,1.97788590619432,-4.35250117206685
3.6341904,12.484852,17.396599,12.097477,17.188975,2.37091758253088,-4.77210175777134
3.6643888,12.612927,17.329491,12.153587,17.064836,2.84324221372591,-5.49324004531085
3.6967472,12.652335,17.387012,12.106829,17.112582,3.18938231310068,-5.30724530565523
3.7455248,12.760706,17.262383,12.078774,17.074385,3.37646248943876,-5.74951997361931
3.7766272,12.809965,17.156927,12.041368,17.064836,3.34815411966296,-5.96238428458996
3.8065984,12.770558,17.224035,12.013313,17.083934,3.4814568895256,-5.67166184773853
3.8581712,12.849373,17.300731,11.985258,17.122131,4.00337713572237,-5.59964934125789
3.8967152,12.829669,17.358252,11.919797,17.131680,4.34709063382864,-5.3010536081354
3.9281376,12.770558,17.300731,11.901094,17.150779,3.92671750218986,-5.18824694156894
3.9692224,12.809965,17.291144,11.947852,17.179426,3.75345752241649,-5.35090995828538
4.0002592,12.869077,17.310317,12.078774,17.160328,3.61986451051664,-5.77517719353066
4.0305232,12.918337,17.128167,12.265806,17.055287,2.83917512842861,-6.7647266239154
4.0605936,12.878929,16.869321,12.368674,16.740164,2.54578416186196,-7.84947059746878
4.1031856,12.908485,16.917255,12.546355,16.721066,2.23929058881343,-8.25833494197344
4.133184,12.888781,16.984363,12.639871,16.997992,1.04972173877478,-7.85154149230813
4.1631072,12.800113,17.108993,12.424784,16.606475,3.41828347449446,-7.62344882013616
4.204504,12.750854,17.329491,12.321916,16.997992,2.96538691312524,-6.28406268523968
4.245712,12.534111,17.406186,12.050719,17.322664,2.26305788708231,-4.54890550515182
4.2855568,12.337073,16.367275,11.835632,17.570943,-2.42246700388399,-4.88791245592118
4.3467712,12.218850,16.433461,11.714061,17.637787,-2.4172455472109,-4.11991121539146
4.3779216,12.071071,16.405096,11.620545,17.809672,-3.37322660528194,-3.32868342699107
4.4093744,11.982404,16.357820,11.695358,17.781025,-4.06068695089914,-3.41889797653716
4.4503504,12.071071,17.540403,11.816929,17.895615,-0.175078826050949,-1.85430987523386
4.4905248,12.140034,17.415773,11.882390,17.685533,0.149406974976828,-2.6837046910235
4.5258096,12.238554,17.271970,12.078774,17.590041,-0.385317554213679,-3.73282891459797
4.5718992,12.268109,17.214449,12.106829,17.618689,-0.694632786455151,-3.90920589977248
4.6031696,12.238554,17.041885,12.247103,17.628238,-1.98346925820183,-4.41891971290993
4.6505232,12.140034,17.013124,12.284510,17.723730,-2.93537943359145,-4.17443695046088
4.6940928,12.130183,16.955603,12.527652,17.656885,-3.81969886016045,-4.89886660661423
4.7253312,12.140034,16.936429,12.443487,17.666434,-3.58655136106482,-4.74711635081177
4.7544496,12.100627,16.965190,12.508948,17.656885,-3.82694543849224,-4.77503292421031
4.796544,12.100627,16.936429,12.565058,17.609139,-3.96407217543135,-5.02372197150108
4.8307712,12.061219,16.946016,12.471542,17.704631,-4.08234384440023,-4.55632831125424
4.8781856,12.041515,17.022711,12.434135,17.647336,-3.52980617160338,-4.39643304675449
4.928216,12.031663,17.061058,12.480893,17.742828,-3.93428103406045,-4.26669858143442
4.9566992,11.992256,17.051472,12.349971,17.685533,-3.44066314141075,-3.98766835177466
4.9867536,12.061219,17.061058,12.359323,17.704631,-3.25082811883622,-4.11952338657404
5.0280416,11.982404,17.166514,12.359323,17.866967,-3.7346526141303,-3.51745947872075
5.0594928,11.992256,17.080232,12.331268,17.876516,-3.95249196166653,-3.59714123141232
5.0891824,11.962700,17.214449,12.275158,17.924262,-3.53365592208513,-3.11647280510247
5.1245392,11.893736,17.128167,12.162939,17.828770,-3.36410300590084,-2.98889241451752
5.1605184,11.785365,17.224035,12.181642,17.895615,-3.71896992537517,-2.52798712372167
5.1919184,11.775513,17.233622,12.153587,17.876516,-3.55017117827498,-2.4558759782416
5.2217584,11.883884,17.310317,12.219048,17.819221,-2.89137184597777,-2.82353119564174
5.2630144,11.874032,17.300731,12.265806,17.809672,-3.09743682859438,-2.93772358729284
5.292008,11.874032,17.329491,12.340619,17.685533,-2.81315073700279,-3.25796407566942
5.324512,11.893736,17.262383,12.406081,17.656885,-3.12158268457117,-3.60252907720971
5.3545088,11.972552,17.252796,12.415432,17.637787,-2.82981874763693,-3.8477634883088
5.4082192,11.903588,17.310317,12.415432,17.446803,-2.18220251072148,-3.90301950549743
5.4457312,11.864181,17.406186,12.387377,17.580492,-2.35541368393872,-3.38654114772987
5.485696,11.874032,17.540403,12.275158,17.590041,-1.45249978085256,-2.92763291159687
5.5295664,11.834625,16.424006,12.265806,17.685533,-6.1019092504874,-4.4434474461263
5.5608,11.706550,16.348365,12.406081,17.294016,-5.97334472611527,-5.23521358771548
5.6066544,11.775513,16.414551,12.471542,17.265369,-5.58751247205465,-5.48172691247474
5.6505648,11.805069,16.376730,12.471542,17.370410,-6.00063895403991,-5.43868835071852
5.6856784,11.716402,16.395641,12.527652,17.360861,-6.43729795142465,-5.34885574323832
5.7429088,11.726254,17.549989,12.593113,17.246270,-1.86862430914528,-3.84166332306545
5.7867408,11.785365,16.395641,12.508948,17.303566,-5.89693453430708,-5.55801325156792
5.8140272,11.736106,16.480736,12.508948,17.418156,-6.17441946375212,-5.11774782097915
5.8645392,11.805069,16.433461,12.490245,17.360861,-5.81629617700541,-5.40390431550015
5.8995248,11.775513,16.414551,12.490245,17.255820,-5.62080651210895,-5.54025184241891
5.942024,11.736106,16.565832,12.574410,17.332213,-5.77466903672394,-5.26862163195104
5.986776,11.676994,16.461826,12.434135,17.131680,-5.16012298290754,-5.31238368577433
6.0178368,11.647438,16.499646,12.574410,17.322664,-6.33354464497502,-5.19003858830878
6.0607648,11.568623,16.594197,12.527652,17.341762,-6.17299271077416,-4.71622933235504
6.1094736,11.548919,16.556377,12.611816,17.255820,-6.38768903787546,-5.06658616808743
6.1632336,11.519363,16.471281,12.761442,17.074385,-6.71451827530492,-5.7806665175654
6.1946,11.499659,16.546922,12.873661,17.017090,-6.69751607032333,-5.96155578363317
6.2481616,11.696698,16.802209,13.210319,16.711516,-5.07942564246887,-7.25075675481643
6.2865696,11.716402,16.329455,13.434758,17.858149,-11.6532287872688,-6.6849883788528
6.3252496,11.933144,17.511642,13.509571,17.732520,-6.21809785229302,-5.63358779460011
6.367928,12.199146,17.406186,13.724658,17.693864,-6.23904948224158,-6.90320990606127
6.4053104,12.435592,17.224035,13.705954,17.172018,-4.16338044652759,-8.50127241558152
6.4653808,12.356777,17.271970,12.929771,17.210673,-1.65973124218362,-6.50550337155182
6.4980864,11.420844,16.159891,14.444732,14.649759,-5.58878914085696,-14.1007457358833
6.5267584,10.731209,16.102370,14.014558,14.659422,-6.98447136040311,-11.6899988244719
6.556672,11.489807,16.917255,14.014558,16.408575,-7.22553361683426,-8.88927550514782
6.5995088,11.686846,17.118580,14.369919,17.326639,-10.1518404325645,-8.23973321002205
6.6281872,11.292769,16.962945,13.752713,17.780839,-11.6754453193237,-5.55383602852345
6.6918992,9.903648,17.426243,12.265806,16.902500,-6.85100037530863,0.489012907156059
6.7192656,9.204161,16.471281,11.639249,16.530082,-9.83369822171026,1.6952277558656
6.7617936,9.420903,17.445154,12.284510,18.697746,-15.211293213049,4.40598083440012
6.816664,9.450459,16.348365,12.490245,18.583156,-19.8853763097274,1.99444923049064
6.8518032,9.765721,16.083196,13.032639,17.618689,-18.2083045811123,-2.04561839781271
6.8832416,10.544023,14.510947,14.210941,17.887141,-26.4860597596255,-8.80024531018989
6.933272,12.809965,14.165819,17.109941,16.807008,-24.4850681723715,-22.074336353996
6.98196,13.834566,12.296377,16.956533,16.321601,-25.8521948153737,-28.2155559206422
7.0417392,15.735987,10.724128,19.262811,12.784640,-20.4814717693775,-46.4334902059099
7.0767328,18.233082,9.391551,22.242523,10.233389,-17.2819738087545,-63.5955432708903
7.105968,19.804542,9.305269,22.869830,9.305662,-10.6362287383874,-68.8072238965525
7.1408672,21.688342,9.439486,23.091233,8.648522,-1.91354828001353,-72.4463173030525
7.1808768,24.021131,10.254371,24.853230,9.363645,0.379089255783995,-72.7403688049934
7.2292752,27.603279,13.408456,28.580175,11.992206,1.35968642242054,-67.0593032413393
7.2780528,28.784315,16.754933,29.096782,16.263618,0.619744527008537,-55.2264285183678
7.3095808,26.236792,20.158759,23.146584,18.373074,12.2011496326152,-38.1167962068954
7.3394464,24.821502,19.355078,20.932557,17.838320,14.3031250267859,-35.8110217011599
7.3745776,20.468265,15.450462,17.446599,14.504801,12.8492102808455,-37.4151280044534
7.4333712,13.302562,4.856955,11.517678,5.246854,8.8415152118673,-72.0833153691524
7.462112,10.810025,2.968339,10.797604,4.067867,-8.022961297452,-82.0385642611614
7.5034304,9.952907,3.294293,10.264562,4.483412,-11.4124240858485,-74.7018989188846
7.53424,10.750913,4.511827,10.432891,5.304837,-3.12343080003411,-65.8466636804539
7.564384,11.213954,4.904890,11.152965,5.643071,-4.26051392800363,-64.9802713200918
7.5981104,12.721298,6.112837,13.836877,7.343905,-12.5027202071342,-61.3707229481963
7.6356848,16.856834,10.177676,18.598603,11.190108,-10.2999057999994,-52.3085182572198
7.6667216,22.527756,18.125919,23.820017,17.432941,-1.39028526721127,-39.0618762677943
7.6980608,23.718552,18.645948,24.890130,18.411270,-2.17402030359942,-39.4176816431792
7.7330544,17.618163,13.024980,18.331075,13.084218,-2.49998738432746,-42.1214951164702
7.771896,14.977389,12.890764,15.697848,12.813631,-2.27662570435271,-34.0966325000696
7.799448,16.533993,14.127472,16.922909,15.683788,-6.46269891480614,-30.6144720087092
7.8319472,16.366510,13.389282,17.783257,16.679162,-15.6737634237941,-31.2907112291586
7.880576,14.859166,13.686475,16.829392,17.577898,-19.9648947337155,-24.8137037877809
7.9219968,14.297606,14.501360,15.136751,16.883402,-11.2727999420422,-20.3896976781973
7.9669152,13.282858,14.788967,14.491490,17.227172,-13.0113432416366,-15.9579125787267
8.0031552,11.489807,16.332455,12.060071,19.709959,-14.1485463656386,-0.147348264085604
8.035848,11.026767,16.226999,11.302591,19.862746,-14.3024262776649,2.80669015807029
8.087952,10.800173,16.131131,11.470920,19.920041,-16.3610684863109,2.88976613922292
8.1256672,10.228761,16.687170,11.508326,20.779467,-19.4504004568018,6.24254916736455
8.1567184,10.002167,16.984363,11.480271,20.798566,-19.1393468362308,7.30928043120721
8.1881136,9.667201,17.080232,11.171668,20.932254,-19.5114627596303,9.22117548005303
8.2380416,9.105642,17.530816,10.545110,21.428811,-19.5222070454701,13.5111321252768
8.2706944,9.145049,17.473294,10.554462,21.495656,-19.850711537971,13.3973210291879
8.3031456,9.253420,17.271970,10.563813,21.705738,-20.9578909483477,13.1054959946996
8.3507696,9.450459,16.936429,10.937878,21.954016,-23.5640347234141,11.5361516505394
8.3819264,9.440607,16.658409,10.993987,21.686639,-24.0479310037198,10.690818386008
8.4119056,9.519422,16.552954,11.143613,21.868074,-25.2337415847815,10.2176761676738
8.4518048,9.480015,16.495432,11.218426,22.030410,-26.3947929187459,10.2701597536715
8.50444,9.243569,16.342042,11.181020,22.183197,-28.3740493167887,10.9583480438815
8.545608,9.342088,16.246173,11.470920,21.896721,-28.3739483606857,9.4643555050246
8.5842912,9.401199,16.207826,11.461568,21.552951,-27.1551269361783,8.814500599971
8.6170192,9.548978,16.284521,11.349349,21.190082,-24.6779311180201,8.32724733165414
8.6468064,9.470163,16.303695,11.302591,20.674426,-23.0610102272718,7.94377448550378
8.7143584,9.608090,16.265347,11.311942,20.473893,-22.0062017651182,7.2311079594779
8.747928,9.401199,16.677583,11.358700,20.645779,-21.8937151800587,8.4635448646739
8.7918032,9.470163,16.735104,11.470920,20.722172,-22.0048655200071,8.19586444864822
8.829544,9.568682,16.811799,11.770171,20.368852,-21.110652031148,6.81535037400568
8.8632528,9.647497,16.917255,11.854336,20.111025,-19.7828088648119,6.19554125735367
8.8919888,9.844536,17.271970,12.041368,20.502541,-19.5015778166893,6.31462717733917
8.941952,10.031723,16.395641,12.256455,20.827213,-24.0217383940456,4.56347628339166
8.9732416,9.992315,16.376730,12.106829,20.712623,-23.4005599842489,4.82633412045876
9.0043504,10.061278,16.641472,12.050719,20.473893,-21.0874915116237,4.83271543693576
9.0467536,10.287873,16.726568,12.247103,20.302008,-19.9235004466067,3.69406507270944
9.0755472,10.307576,16.509101,12.284510,19.719508,-18.8991524615303,2.38329822594544
9.10668,10.425800,16.934580,12.303213,19.967787,-17.6349174797328,3.0502836476701
9.1430528,10.307576,16.461826,12.200345,19.404385,-17.7396589833923,2.04211095730482
9.1867696,10.268169,17.444534,11.873039,18.840984,-10.9276070535639,3.55228102231198
9.2181904,10.435651,16.717113,11.854336,19.051066,-13.799881081899,2.41951974162902
9.2482352,10.524319,16.660383,11.714061,18.640451,-11.7331209617453,1.83452622992096
9.2996272,10.563726,16.981855,11.480271,18.535410,-9.09679073183369,2.63822948247618
9.3467744,10.849432,17.095316,11.648600,17.943361,-6.00438422278715,0.801769630407453
9.3857344,11.312473,17.085861,11.873039,17.914713,-4.97600435405133,-0.897117455135792
9.421608,11.410992,16.934580,11.947852,17.647336,-4.47551200510919,-1.96386189898174
9.46192,11.450400,16.764388,11.975906,17.523197,-4.62403197235485,-2.59169670627758
9.5095664,11.509511,16.594197,12.181642,17.523197,-5.80265450939462,-3.48473238225885
9.5418208,11.519363,17.022711,12.611816,17.389508,-5.20269740765594,-4.0255625704243
9.57188,11.874032,16.677583,12.929771,17.370410,-6.23873074655966,-6.13892291041457
9.6058272,12.080923,16.361216,13.210319,17.332213,-7.51560689831902,-7.80660436795847
9.654488,12.208998,16.179065,13.500219,17.064836,-7.80103475390574,-9.47543778341665
9.6856208,12.327221,16.016088,13.818174,17.188975,-9.52344676537606,-10.4853889805481
9.7157856,12.337073,15.747655,13.921042,17.007541,-10.2393732648421,-11.4947056814542
9.7842032,12.297665,15.891459,13.986503,17.150779,-10.5649471721783,-11.0594364449224
9.817928,12.120331,15.786003,13.640493,17.475451,-11.5794214136395,-9.55828536833946
9.8519408,12.002108,16.016088,13.518922,17.828770,-11.9484895089902,-8.06135344051139
9.8878976,11.883884,16.226999,13.051342,18.124795,-10.9996940012449,-5.9389165731362
9.9193872,11.765661,16.552954,12.817551,18.516311,-10.7496326795761,-4.0059884019201
9.9543584,11.716402,16.514606,12.761442,18.363525,-10.3618976113487,-4.0706056290965
10.0068416,11.745957,16.389977,12.845606,18.162992,-10.3216848809281,-4.84513313209182
10.0531552,11.706550,16.322868,12.864310,18.096148,-10.5634965906004,-5.01365001933959
10.0980912,11.952848,16.236586,13.060693,17.675984,-9.16503390343571,-6.82926319811023
10.1380688,12.100627,16.294108,13.303835,17.523197,-8.69810065735137,-7.85110587919014
10.1646624,12.277961,16.054436,13.490867,17.437254,-9.28934380856534,-9.18901976126696
10.1967088,12.218850,16.035262,13.696603,17.255820,-9.67311697812657,-9.84405619997061
10.237488,12.317369,16.006501,13.734009,17.217623,-9.40396136414961,-10.2507692951608
10.2665808,12.396185,15.958567,13.752713,17.036189,-8.71662514215071,-10.8500952393924
10.3029984,12.317369,15.987327,13.603087,17.103033,-8.61661432043957,-10.1943834203785
10.3581328,12.406036,16.140718,13.546977,17.389508,-8.50408701005575,-9.5237830264889
10.3967648,12.524260,16.006501,13.434758,17.418156,-8.27229359388869,-9.71362334309007
10.4321664,12.376481,15.747655,13.359945,17.313115,-9.19174323003014,-9.84462053582954
10.4732448,12.297665,15.843524,13.453461,17.456352,-9.9568956649631,-9.47243440036088
10.5019344,12.248406,15.977741,13.518922,17.647336,-10.5236638571048,-8.963101228644
10.5319904,12.199146,15.910632,13.462813,17.580492,-10.5429193480047,-8.95716613127023
10.5719024,12.179442,15.747655,13.546977,17.666434,-11.8366789593238,-9.22670588270435
10.6229328,12.130183,15.738068,13.490867,17.637787,-11.7708780767578,-9.0609104636573
10.6536272,12.051367,15.795590,13.444109,17.819221,-12.3191925642125,-8.38662287177929
10.6966256,12.021811,15.910632,13.359945,18.048402,-12.487774013729,-7.56769040990834
10.7266816,11.933144,15.996914,13.331890,18.077049,-12.4990227271406,-7.12215157793639
10.7556624,11.844477,15.958567,13.350593,18.029303,-12.8908887490858,-7.10859562864549
10.789272,11.864181,15.958567,13.285132,18.010205,-12.5234135686042,-7.03860700486809
10.8280896,11.893736,16.016088,13.285132,18.067500,-12.383631819138,-6.916027214693
10.858264,11.844477,16.064022,13.294484,18.191639,-12.8470642906759,-6.54727353533292
10.8982384,11.765661,16.102370,13.257077,18.182090,-12.8426040453436,-6.24272258782452
10.9396288,11.686846,16.064022,13.144858,18.115246,-12.6809430648446,-5.98751977675104
10.975872,11.755809,16.188652,13.041990,18.315779,-12.2674973325538,-5.38595665088011
11.0108912,11.667142,16.188652,12.920419,18.248934,-11.9601263854239,-5.02141430949342
11.0858368,11.647438,16.284521,12.789497,18.191639,-11.0116621892578,-4.61911795197874
11.1217328,11.637586,16.399563,12.695981,18.315779,-10.7124914455657,-4.00247121009704
11.1554304,11.706550,16.428324,12.621168,18.401721,-10.3755132835325,-3.8070405797069
11.1937744,11.617882,16.447498,12.611816,18.449467,-10.7761179259858,-3.47838337563585
11.2249488,11.608031,16.466672,12.639871,18.392172,-10.6385669518386,-3.58008574274374
11.2756336,11.686846,16.409150,12.621168,18.373074,-10.4250731501118,-3.83815877015739
11.3247648,11.676994,16.552954,12.546355,18.392172,-9.71703658718085,-3.38789178264815
11.356824,11.726254,16.543367,12.537003,18.392172,-9.53267001587508,-3.49378552678082
11.3919408,11.696698,16.543367,12.490245,18.420820,-9.58239894997799,-3.27493555820986
11.4282416,11.696698,16.505019,12.583761,18.430369,-10.0887361216799,-3.53311098768998
11.4581856,11.745957,16.418737,12.583761,18.353975,-9.96424637025291,-3.90254008134899
11.4894736,11.726254,16.495432,12.667926,18.162992,-9.37225241420771,-4.23061575583778
11.539432,11.844477,16.389977,12.892364,17.972008,-9.44055693546332,-5.47892175178202
11.5706048,11.962700,16.294108,12.976529,17.800123,-9.04753444782237,-6.36625778890279
11.6006272,11.982404,16.351629,13.200968,17.733279,-9.30449992221068,-6.9238327507875
11.651896,12.031663,16.274934,13.135506,17.723730,-9.14685944378373,-7.02914363215989
11.681768,12.021811,16.313281,13.210319,17.685533,-9.16627353120553,-7.17258766559488
11.7219488,12.011959,16.389977,13.126155,17.656885,-8.51636067739876,-6.8858439093706
11.7642688,12.011959,16.303695,13.210319,17.580492,-8.87243538134658,-7.33913651407921
11.795576,11.962700,16.179065,13.247726,17.523197,-9.46819725082968,-7.61328469343859
11.8256,11.972552,16.217413,13.341242,17.637787,-10.0114447318745,-7.58896019001669
11.8623888,12.011959,16.322868,13.275780,17.752377,-9.6289461048682,-7.17013210478407
11.918328,12.011959,16.284521,13.229022,17.695082,-9.41235755248462,-7.22365687867449
11.9582416,12.011959,16.284521,13.135506,17.656885,-8.95117804250573,-7.07943225754638
11.9996336,12.051367,16.428324,13.126155,17.675984,-8.28791258091841,-6.87919137386897
12.0394544,12.011959,16.418737,13.126155,17.656885,-8.40697406161064,-6.83880769895719
12.07064,11.952848,16.485845,12.995232,17.790574,-8.38628996456763,-6.08963254878841
12.110712,11.982404,16.495432,13.004584,17.695082,-7.9347586421143,-6.31581172487708
12.1530288,11.844477,16.524193,12.911068,17.933811,-8.85988803840511,-5.36604124308144
12.1807232,11.854329,16.581714,12.845606,17.905164,-8.27329102463476,-5.19488009732885
12.218248,11.883884,16.543367,12.911068,17.905164,-8.53654290217988,-5.46954020841834
12.264376,11.834625,16.514606,12.854958,17.933811,-8.73720465377221,-5.23350505103101
12.2938112,11.864181,16.543367,12.836255,18.115246,-9.0847780899456,-4.92071889847396
12.3646176,11.864181,16.581714,12.808200,18.096148,-8.77426201821591,-4.82701980951557
12.395544,11.805069,16.485845,12.789497,17.943361,-8.76330786715269,-5.0506853402165
12.4269792,11.775513,16.533780,12.780145,17.857418,-8.35749760347662,-5.02416130359363
12.4669584,11.854329,16.658409,12.798848,17.933811,-7.91847108841758,-4.92084839193459
12.5070224,11.775513,16.696757,12.686629,17.943361,-7.71026205426495,-4.41366545694262
12.5632624,11.785365,16.639236,12.621168,18.048402,-8.03099366760129,-4.21202923856908
12.599512,11.844477,16.581714,12.565058,18.105697,-8.02912429129095,-4.21918790598951
12.630896,11.844477,16.600888,12.695981,18.115246,-8.45014514413354,-4.46921824059152
12.662136,11.844477,16.629649,12.714684,18.077049,-8.27251963315528,-4.5264062434302
12.7044288,11.893736,16.533780,12.864310,17.952910,-8.53899965400862,-5.32549107156937
12.7428656,11.893736,16.572127,12.733387,17.828770,-7.49490866955795,-5.16960219679089
12.7729504,11.854329,16.591301,12.695981,17.933811,-7.81076043265836,-4.7968149782886
12.8032048,11.864181,16.658409,12.630519,18.057951,-7.72557731504804,-4.36563167946333
12.8556128,11.785365,16.773452,12.490245,18.086598,-7.19437094405091,-3.64118316065452
12.8870064,11.755809,16.811799,12.443487,18.191639,-7.36698595222892,-3.24124470387559
12.9192144,11.755809,16.802213,12.462190,18.277582,-7.77193639345441,-3.16375867416491
12.9567552,11.755809,16.898081,12.378026,18.143893,-6.64057727012638,-3.03143166926849
12.986912,11.706550,16.878908,12.321916,18.210738,-6.93717341101869,-2.71580884817269
13.0168944,11.716402,16.869321,12.368674,18.277582,-7.33772626651685,-2.75556707677116
13.058256,11.637586,16.773452,12.368674,18.248934,-7.89928984467512,-2.77049169862439
13.0906224,11.686846,16.725517,12.490245,18.306230,-8.5238467416016,-3.14613070451728
13.1203392,11.716402,16.620062,12.443487,18.277582,-8.54799356466371,-3.31824275883979
13.1506128,11.795217,16.591301,12.499597,18.229836,-8.38667028533358,-3.74645312858341
13.2068992,11.814921,16.744691,12.537003,18.201189,-7.76035829400201,-3.67868278715963
13.24212,11.805069,16.802213,12.527652,18.191639,-7.51356717974966,-3.55947652545279
13.2719488,11.795217,16.830973,12.574410,18.086598,-7.23680383301033,-3.76351101757202
13.3242608,11.716402,16.667996,12.490245,18.029303,-7.65392095919602,-3.74242885359924
13.3532288,11.765661,16.706344,12.611816,18.096148,-7.98610772231449,-3.96356680243466
13.3868528,11.755809,16.744691,12.527652,18.172541,-7.850615096587,-3.56860262203123
13.4357824,11.785365,16.725517,12.490245,18.229836,-7.88125240150552,-3.49058674940535
13.4657424,11.893736,16.648822,12.621168,18.038852,-7.54964715773418,-4.45695347065185
13.4982352,11.834625,16.533780,12.742739,17.962459,-8.37038639963747,-4.9041516524657
13.5496256,11.854329,16.524193,12.789497,17.943361,-8.4291648482938,-5.09988170439279
13.5780736,11.933144,16.514606,12.911068,17.838320,-8.22393992480289,-5.7339726999749
13.6319824,12.021811,16.457085,12.883013,17.742828,-7.67046214904954,-6.11738218378992
13.6707472,12.090775,16.466672,12.883013,17.666434,-7.10263844279373,-6.37989730469064
13.6994736,12.140034,16.505019,12.948474,17.723730,-7.20505218881822,-6.479212998741
13.7317536,12.021811,16.524193,12.892364,17.733279,-7.41530789947597,-6.04477886565878
13.771992,12.031663,16.543367,12.901716,17.685533,-7.1697943662994,-6.13398746880293
13.8068816,12.100627,16.505019,12.957826,17.609139,-6.98227737100759,-6.59913298424109
13.8419776,12.061219,16.437911,12.939122,17.761926,-7.85882835979604,-6.33036593420738
13.8957472,12.080923,16.591301,12.911068,17.981557,-7.87670599102079,-5.70892165232763
13.934624,11.854329,16.409150,12.798848,17.800123,-8.39632356633838,-5.53808834899677
13.964464,11.952848,16.409150,12.826903,17.733279,-7.88309724119216,-5.93106666326604
14.0044592,12.031663,16.495432,12.929771,17.790574,-7.82072467442617,-6.10383387780022
14.0421408,12.071071,16.428324,12.976529,17.599590,-7.41700790309192,-6.71594384392023
14.0846224,12.080923,16.485845,12.995232,17.513648,-6.92366328430976,-6.82593224809611
14.1241648,12.090775,16.485845,13.032639,17.494549,-6.95124748066733,-6.96212604185578
14.1555376,12.051367,16.552954,13.041990,17.570943,-7.14977201619799,-6.66073514940383
14.1854592,12.090775,16.428324,13.116803,17.523197,-7.56792548803728,-7.19591792460606
14.2183424,12.100627,16.418737,13.088748,17.666434,-7.97254501192034,-6.93668238132316
14.2558272,12.110479,16.418737,12.995232,17.637787,-7.50494606899976,-6.79819159553211
14.2883152,12.120331,16.514606,12.967177,17.609139,-6.90468874950153,-6.64800187860239
14.3193008,12.041515,16.543367,12.854958,17.704631,-7.03469912461385,-6.02064674942735
14.3796288,11.913440,16.620062,12.854958,17.733279,-7.33053401064765,-5.56363447409212
14.4082544,11.952848,16.552954,12.929771,17.761926,-7.80059267667221,-5.88131428047999
14.4558912,11.942996,16.552954,12.957826,17.723730,-7.80223283690491,-5.98382595609277
14.4996352,11.903588,16.629649,12.873661,17.714180,-7.33014161458996,-5.59883604365878
14.5307984,11.785365,16.773452,12.826903,17.847869,-7.54008705356867,-4.7822982762723
14.5608016,11.637586,16.773452,12.714684,17.914713,-7.94090133549666,-4.08818388874142
14.6119648,11.686846,16.773452,12.705332,17.847869,-7.48436176087516,-4.28529443010283
14.6506944,11.716402,16.811799,12.826903,17.895615,-7.82418246953152,-4.48953374380425
14.6832736,11.706550,16.888494,12.649222,17.981557,-7.24785940323603,-3.80729335158016
14.7346832,11.795217,16.984363,12.546355,17.847869,-5.71374488638196,-3.83500498986277
14.7729856,11.805069,17.003537,12.452839,17.781025,-5.03243495560675,-3.72055132771401
14.806792,11.933144,17.089819,12.499597,17.800123,-4.4657912366058,-3.95002432356638
14.8466704,11.844477,17.032298,12.462190,17.666434,-4.399461382481,-3.96781130521474
14.8868368,11.923292,17.099406,12.490245,17.570943,-3.61154657985232,-4.25544934193305
14.9169168,11.972552,17.176101,12.565058,17.570943,-3.41189648624889,-4.41357188548966
14.9683568,11.933144,17.243209,12.518300,17.485000,-2.83148996996473,-4.24903674627833
14.9993968,11.952848,17.185688,12.565058,17.475451,-3.10599661535736,-4.50606428911677
15.0295232,12.031663,17.176101,12.480893,17.504098,-2.64897043210271,-4.46357944399807
