0.0378656,12.955056,15.465418,14.649832,18.012486,-2.3062244855284,-8.25421079978804
0.0904176,13.024019,15.379130,14.631129,17.964165,-2.15062142228596,-8.58455578596036
0.1329456,12.886094,15.542119,14.593722,17.964165,-1.93186043763296,-7.94998973666983
0.1617632,12.866391,15.666758,14.575019,18.012486,-1.63280064845764,-7.58055494319968
0.210456,12.895946,15.733871,14.472152,16.339098,4.78308488318245,-10.191821179864
0.241752,12.876242,15.848923,14.490855,18.041479,-0.727092979666605,-7.07528700192909
0.271584,12.748169,15.772222,14.425394,18.022151,-1.21706801370413,-6.83531256569782
0.3326592,12.836835,15.762634,14.416042,17.819200,-0.210635896365826,-7.35511292883725
0.3728496,12.935353,15.800985,14.331878,17.790207,0.683853992994212,-7.36909190076743
0.414168,12.925501,15.935211,14.285120,17.886850,0.982478643802436,-6.86594567250549
0.444264,12.886094,16.107788,14.144847,16.367746,7.20297580403771,-8.78461212523134
0.4755152,12.826984,16.165314,14.032628,18.051144,1.769905013578,-5.48339858579466
0.5068176,12.817132,16.194077,13.939112,16.367746,7.9995569496265,-8.05772485461762
0.5567712,12.728466,16.213252,13.939112,16.520533,7.19605402597435,-7.57318700043377
0.589072,12.698911,16.242015,13.733377,16.568279,7.75569508266459,-6.94199274003871
0.6179264,12.679207,16.136551,13.761432,16.520533,7.35710249137807,-7.22356147010339
0.6604896,12.728466,16.222840,13.724026,16.491885,8.10109419980648,-7.14942319870243
0.6904288,12.649652,16.376241,13.742729,16.568279,8.0394972199002,-6.62695009606153
0.7203728,12.659504,16.424179,13.658564,16.635123,8.31655602671125,-6.27248236086256
0.7518896,12.708762,16.510468,13.677268,16.558730,9.02598783005218,-6.40076877009507
0.7917536,12.767873,16.558406,13.611807,16.434590,10.1025581362038,-6.51707037115668
0.823144,12.728466,16.481705,13.574400,16.348648,10.1184357785898,-6.63111800234644
0.8529312,12.639800,16.558406,13.639861,16.386844,9.69981150061824,-6.38477227406669
0.8944112,12.590541,16.529643,13.518291,16.510984,9.40096942229464,-5.85534144774401
0.9240464,12.521579,16.491293,13.518291,16.644672,8.52072824739825,-5.54477777022664
0.957944,12.492024,16.539231,13.490236,16.701967,8.48442043098179,-5.2423115989113
1.011864,12.462469,16.606344,13.499588,16.883402,7.94272513636001,-4.7806426926867
1.0453536,12.393506,16.462530,13.480884,16.816557,7.45293515872302,-4.94487732907204
1.0754112,12.393506,16.520056,13.434127,16.912049,7.49451464331271,-4.58615079363516
1.1091088,12.285137,16.587169,13.424775,16.988443,7.10130688962409,-4.09019961034296
1.1668832,12.304841,16.596756,13.378017,17.103033,6.96999523682887,-3.82460887020029
1.1990368,12.147213,16.673457,13.265798,17.179426,6.7938935473986,-2.98074751314804
1.2368608,12.186620,16.663870,13.162931,17.208074,7.16978739899326,-2.80972641762073
1.279144,12.196471,16.711808,13.162931,17.255820,7.21632847287763,-2.67397859032818
1.3130112,12.157064,16.635107,13.078767,17.427705,6.46950799292713,-2.24550864518323
1.3431024,12.078250,16.635107,13.041360,17.475451,6.1363950548819,-1.91030551678058
1.3954064,11.999436,16.529643,12.919790,17.704631,5.05955160461421,-1.2632727034737
1.446832,11.841808,16.577581,12.882383,17.857418,4.23661711713833,-0.50236969410572
1.486912,11.871363,16.500880,12.891735,18.029303,3.42191900680514,-0.436486702887496
1.51528,11.861512,16.587169,12.807571,18.038852,3.97372957405383,-0.0720534686636114
1.5443888,11.831956,16.548818,12.835626,18.019754,3.68409690091962,-0.160675567770031
1.5780416,11.792549,16.567994,12.835626,18.019754,3.6070371231351,-0.0413853342222232
1.645272,11.772846,16.577581,12.844977,18.134344,3.1353474891159,0.180323310783667
1.6765936,11.694032,16.548818,12.901087,18.229836,2.19739568464375,0.337657907402718
1.7166848,11.743291,16.424179,12.835626,18.153443,2.40200498277925,0.0532753164484276
1.7477568,11.713735,16.529643,12.751461,18.210738,2.78639024579256,0.569672847321876
1.7780736,11.644773,16.500880,12.770165,18.296680,2.04761896871198,0.774209247969569
1.8143776,11.684180,16.558406,12.742110,18.325328,2.41685228981769,0.885153662375032
1.8590208,11.694032,16.491293,12.844977,18.220287,2.20521889365445,0.357211192088585
1.8904176,11.664477,16.481705,12.788868,18.229836,2.21711779612023,0.550549013617136
1.9203264,11.654625,16.491293,12.770165,18.248934,2.21472836593898,0.660797781450363
1.9605056,11.694032,16.529643,12.826274,18.296680,2.15169577183278,0.581878054861363
1.9902928,11.684180,16.481705,12.826274,18.182090,2.32869939805798,0.345415247875938
2.0218592,11.723587,16.529643,12.844977,18.191639,2.56475602611299,0.306080300722243
2.0553936,11.753142,16.558406,12.751461,18.153443,3.2469257018383,0.435246846199597
2.1028848,11.674328,16.520056,12.816922,18.162992,2.53706497112493,0.419483964529384
2.1327008,11.812253,16.472117,12.910438,18.105697,2.75504824612817,-0.269528831456327
2.1667056,11.733439,16.491293,12.901087,18.000656,2.92618149481084,-0.209330539232269
2.2055168,11.802401,16.481705,12.863680,17.991107,3.31750121418295,-0.311040434747632
2.2368256,11.841808,16.567994,12.835626,18.010205,3.82801406089738,-0.167373155189903
2.294056,11.881215,16.539231,12.835626,17.952910,4.06942400662859,-0.393933500415987
2.3403952,11.910770,16.520056,12.957196,17.771475,4.31924581728605,-1.05598261684966
2.3804,11.950177,16.452942,13.228392,17.513648,4.16685579257725,-2.27656664407491
2.4305056,12.058547,16.376241,13.499588,17.284467,4.13968056187696,-3.61716993253294
2.464392,12.137361,16.366654,13.546346,17.169877,4.6409480693051,-4.09830970603063
2.4929888,12.235878,16.405004,13.611807,17.188975,4.86159463969604,-4.35892948985352
2.5243008,12.097954,16.405004,13.499588,17.169877,4.8016249126294,-3.84620656776939
2.5655968,12.028991,16.520056,13.331259,17.188975,5.50366511309579,-3.10251424327633
2.5970224,12.038843,16.740571,13.022657,17.399057,6.72250317217314,-1.73393888978697
2.629256,11.979733,16.865210,12.910438,17.475451,7.09598300374848,-1.02603037491614
2.7142656,11.979733,16.941910,12.807571,17.504098,7.64783987264027,-0.626061645159428
2.7779472,11.960029,17.095312,12.695352,17.542295,8.41141549248401,-0.0227514010677403
2.8118416,11.881215,16.970673,12.583133,17.647336,7.67679950803159,0.376455738865086
2.8404896,11.930474,16.980261,12.573781,17.695082,7.75992098293696,0.377832914509536
2.8817856,11.871363,16.980261,12.583133,17.637787,7.70998984392946,0.398796740244688
2.941784,11.920622,17.114488,12.601836,17.819221,7.68173343083921,0.747176758352936
2.9827936,11.920622,17.009024,12.583133,17.781025,7.49059243340373,0.561592790805193
3.023152,11.930474,16.913148,12.508320,17.733279,7.60597018530616,0.479638550585275
3.0527408,11.930474,16.970673,12.601836,17.733279,7.4874928703384,0.360157690042147
3.084048,11.940326,16.970673,12.583133,17.723730,7.62517260037275,0.364896971927926
3.127896,11.871363,16.980261,12.573781,17.675984,7.60677373169951,0.480939301108691
3.1656048,11.920622,16.989849,12.527023,17.819221,7.48270155858632,0.718510175740732
3.196928,11.950177,16.961086,12.555078,17.809672,7.41971384450758,0.527542733959123
3.2304416,11.910770,16.874797,12.611188,17.866967,6.54514143647539,0.443736421999127
3.287944,11.950177,17.104900,12.573781,17.981557,7.27961472897629,0.984771095702687
3.318984,11.891067,16.903560,12.583133,17.914713,6.50931867828089,0.673128668039141
3.3504576,11.802401,16.932323,12.564430,18.105697,5.67489495649457,1.26325153101883
3.4058576,11.703884,16.941910,12.461562,17.838320,6.65318180678479,1.31368834939973
3.441816,11.644773,17.124075,12.377398,17.972008,6.94019397483051,2.13911439415382
3.4905152,11.605366,17.248714,12.358695,18.191639,6.54642138584162,2.80843538052928
3.5255536,11.408331,17.287065,12.283882,18.258484,5.97819730545545,3.59599264132607
3.5666512,11.428034,17.152838,12.255828,18.268033,5.61129324219723,3.42296673142245
3.6055056,11.418183,17.239126,12.255828,18.401721,5.42753632705493,3.78448904127333
3.6469808,11.437886,17.124075,12.330640,18.229836,5.41009069383057,3.1238259452652
3.6769328,11.260555,17.114488,12.358695,18.239385,4.56730012597382,3.46887679202463
3.7078064,11.359072,17.248714,12.461562,18.430369,4.4171814481273,3.50536088164623
3.748104,11.388627,17.172013,12.368047,18.201189,5.37410596058395,3.18105827971175
3.7778912,11.250703,17.335003,12.246476,18.325328,5.45987052390615,4.22397282163086
3.8090528,11.280258,17.287065,12.152960,18.353975,5.61999072334183,4.34320766707281
3.84952,11.290110,17.277477,12.237125,18.544959,4.65023701267617,4.40172652470298
3.906752,11.250703,17.287065,12.162312,18.525861,4.86764696686443,4.65261215520389
3.943144,11.122630,17.277477,12.152960,18.688197,3.80750481032504,5.2048277793111
3.9931952,11.122630,17.344590,12.134257,18.755041,3.89402696719606,5.45061059876186
4.0318352,11.063520,17.287065,12.115554,18.821885,3.28210911301847,5.6466461604237
4.0681216,10.955150,17.258302,12.134257,18.898279,2.4267836630656,5.92846957608682
4.1369904,10.984706,17.191188,12.237125,18.764590,2.3902335328365,5.31559780018263
4.1704784,11.004409,17.085725,12.396101,18.860082,1.17844128755462,4.88347494881655
4.22168,11.053668,17.047374,12.442859,18.707295,1.58718045876592,4.36967470069119
4.2568512,10.945299,16.922735,12.527023,18.697746,0.430269027995505,4.22071588603048
4.2867696,11.014261,16.922735,12.498969,18.688197,0.8270142903277,4.11099802925905
4.33896,11.093075,16.941910,12.573781,18.650000,1.07827371396669,3.72587851678614
4.367632,11.162037,16.903560,12.648594,18.554508,1.26758476017826,3.18805296688069
4.3979584,11.112778,16.922735,12.676649,18.621352,0.824060052511163,3.36959300780228
4.4391952,11.201444,16.826859,12.629891,18.459016,1.51984448798876,2.87348509694067
4.4702608,11.152185,16.951498,12.723407,18.439918,1.5516912203349,2.93553490496766
4.5002944,11.191592,16.970673,12.686000,18.325328,2.30449702617125,2.78282835811031
4.5616048,11.240851,16.951498,12.583133,18.229836,3.11296230703341,2.72759705066139
4.5944352,11.467441,16.846034,12.704703,18.315779,2.85101015073672,1.89962264803062
4.6216304,11.516700,16.855622,12.732758,18.248934,3.21048515089775,1.63402152266253
4.6603008,11.575811,16.759746,12.657946,18.248934,3.33160077074242,1.51901061221123
4.694432,11.615218,16.817272,12.695352,18.229836,3.63661865802047,1.40503341153444
4.724464,11.575811,16.807684,12.601836,18.248934,3.71059602210284,1.72211679934399
4.7555376,11.536404,16.903560,12.629891,18.334877,3.52681224236578,2.03273848442554
4.8018704,11.556107,16.865210,12.517672,18.220287,4.25042680074331,2.00445801981292
4.84812,11.546256,16.884385,12.648594,18.191639,3.92686517591619,1.71342253212524
4.8781168,11.565959,16.980261,12.583133,18.153443,4.7292873307512,1.90812158472509
4.9291312,11.615218,16.817272,12.816922,17.972008,4.11382588393266,0.722142551735459
4.9590592,11.664477,16.769333,12.947845,17.752377,4.43070984593038,-0.111577413123282
4.9915664,11.723587,16.846034,13.041360,17.800123,4.44954632039057,-0.25474165165339
5.05036,11.762994,16.740571,12.975899,17.590041,5.16947304610614,-0.703792057641571
5.08168,12.019140,16.625519,13.172282,17.437254,5.54926698863533,-2.14741481181838
5.1144608,12.107805,16.405004,13.265798,17.246270,5.39526587837826,-3.22773265197268
5.1544368,12.206323,16.529643,13.303204,17.303566,5.90318713230246,-3.22497848465409
5.1840688,12.314692,16.644695,13.387369,17.389508,6.14137351516606,-3.31417173676555
5.214256,12.324544,16.721395,13.340611,17.294016,6.96524016272467,-3.26472895434816
5.2767968,12.245730,16.730983,13.181634,17.255820,7.40562736401555,-2.79184666014663
5.306408,12.068398,17.267889,12.779516,17.790574,8.26951083921874,0.215225457084383
5.3389776,11.910770,17.239126,12.657946,17.866967,7.73988472221498,0.914984307045348
5.3730352,11.841808,17.450054,12.583133,18.124795,7.61878175362033,1.96976387871635
5.4082112,11.960029,16.376730,12.648594,17.647336,5.49424101800834,-0.908614778677109
5.4431632,12.058547,16.442916,12.826274,17.418156,6.30496942925706,-1.79617087603405
5.4892672,12.107805,16.679293,12.844977,17.446803,7.21439095582137,-1.51409306917459
5.5191232,12.157064,16.811664,13.106821,17.647336,6.25612037700461,-1.6633540235525
5.5491376,12.176768,17.199322,13.265798,17.742828,6.87523193865719,-1.28091919323495
5.5792544,12.107805,16.944035,13.265798,17.208074,7.55638934995862,-2.4030801352297
5.6215264,12.038843,16.953490,13.200337,17.064836,8.07805821373352,-2.32575436626868
5.650736,12.028991,16.726568,13.265798,16.826107,7.8120197302786,-3.21786327089104
5.6815152,11.999436,16.613107,13.097470,18.060808,3.50735836946495,-0.949047673199374
5.7103952,11.910770,16.338910,13.256447,17.529270,3.42805388959262,-2.41318483204634
5.7631152,12.294989,16.951498,13.228392,16.881761,9.57826630974184,-3.2552342371852
5.7930672,12.482172,16.462530,12.901087,16.785117,9.99037362773271,-3.92387777217814
5.8405392,11.723587,16.385829,12.134257,16.988068,8.89673772866251,-0.260094067257018
5.8731456,12.285137,16.558406,11.778897,17.287662,11.8946792255968,0.0414677854084928
5.9041504,12.206323,16.539231,12.461562,16.814110,10.7503554578808,-2.14996800514301
5.936848,11.654625,16.318716,12.414805,16.601495,8.76630208701983,-1.5103544474286
5.9779488,12.373803,15.427068,12.134257,16.456530,9.69577225804066,-4.30492763704254
6.0143616,13.181647,14.842223,12.527023,16.166601,10.1718760144649,-8.56202821569402
6.0469904,12.984612,14.621708,13.041360,16.050629,7.05547504623902,-9.8729584657149
6.087808,12.403358,14.813461,12.536375,16.408209,6.06797074822411,-6.46366042833791
6.1368416,11.290110,15.944799,11.470295,17.857857,4.71636681786931,3.03996513831469
6.1664896,11.211296,16.107788,11.704085,16.396393,9.67587304111506,0.50936789870493
6.216664,11.467441,15.762634,12.732758,16.434590,5.29158116173919,-3.05019830267342
6.2579792,12.600393,15.762634,14.584371,16.988443,1.13406172471967,-8.6278195489191
6.2879472,13.388533,15.321604,15.893592,16.377295,0.0867638303101312,-14.6971359646803
6.3293072,13.624976,15.522944,16.174139,16.864303,-0.816303930668379,-14.4705723216314
6.360376,14.117563,16.117376,16.473390,17.819221,-0.885684232887133,-13.3044280665801
6.3918016,14.560892,16.510468,16.969023,17.933811,0.155124205892294,-14.17926477779
6.4219168,15.250515,17.287065,16.375351,18.926926,3.90535017828656,-11.5051209766226
6.4627712,15.900731,18.296110,16.735130,20.645779,3.09764167596904,-9.17169025579119
6.4918608,16.413022,20.111484,16.781256,22.221393,5.62479413590945,-5.42141580119339
6.5331776,15.890879,21.766122,16.763288,23.987992,4.18455031735848,-0.168755979232429
6.584184,15.417995,21.614841,14.762051,24.455902,6.52420240598759,4.54251342629232
6.6143104,17.325344,17.454609,16.819398,19.881844,6.90929670182978,-14.1249147214502
6.6444496,20.175446,12.349444,18.211148,14.098435,13.4474040456822,-40.207261383158
6.6868144,21.336960,9.089656,19.419638,10.184385,15.6951130866998,-60.0111623986105
6.7293104,19.960712,7.756978,19.438088,9.401574,8.4335565320868,-64.0437594494807
6.765752,15.417995,5.609353,16.557554,6.946836,0.685796163917468,-68.9281519336858
6.816584,9.004503,3.730180,10.441622,4.695049,-5.92979464667445,-64.2930326934433
6.8479216,7.280446,3.663067,7.785773,4.086197,3.91815418867336,-55.7750857026292
6.87692,8.413398,4.362963,8.861205,4.859343,5.01371078257402,-53.8592485189592
6.9218224,11.625070,6.117496,12.947845,7.149787,-0.745905635657818,-53.2752625419765
6.9590656,19.365314,10.288107,20.139197,11.189474,6.7809293555953,-52.914699555543
6.9893568,25.045996,12.243980,25.867992,13.586226,6.62298148977579,-56.4759484703332
7.022944,25.582831,12.512434,28.386448,14.514001,-0.115730867386423,-57.1366998820046
7.0607312,23.533100,11.630373,25.508213,13.006367,2.88134566539721,-56.9756509112374
7.0903328,22.840096,11.170168,24.244372,12.310536,4.92125047975453,-57.3476742567231
7.121856,20.741562,10.096355,21.246210,10.783573,8.62396154784459,-57.490661067994
7.1716832,17.959785,9.060893,17.611516,9.121309,13.8878060333969,-56.0937965667653
7.2028896,18.311167,9.233470,16.670554,8.850708,20.9834683574326,-55.5156588404081
7.2330736,18.545422,9.645737,16.624429,8.850708,23.6853869693376,-54.6334208915092
7.294176,19.863106,10.681200,17.094910,9.353253,28.2886516423434,-53.0667347820853
7.3243216,20.751323,10.489447,18.054321,9.449896,26.4992062993261,-55.8269104054649
7.35548,20.077840,10.575736,17.076459,9.266274,29.1031357760152,-53.8419561955796
7.410544,19.882627,10.479860,16.522952,9.217952,30.5628767467358,-53.1646963538502
7.4458304,18.086673,10.230582,15.781373,8.879701,27.6697005112737,-50.971232629624
7.4756224,17.998827,10.911302,17.474008,10.454986,16.4655780672041,-47.508084357523
7.5280544,16.739707,10.882539,16.449152,11.585711,11.1234036190761,-41.1736823951814
7.5570096,15.506661,14.382018,16.652104,16.485523,1.56805916954155,-21.5506595173765
7.5881296,15.565771,16.707658,17.611516,19.031967,-0.999929735716494,-14.9766029454532
7.6282384,14.206229,12.982227,16.997078,16.852768,-10.8992008276291,-21.7707054617141
7.6592,12.363951,13.394494,13.854948,17.944836,-9.99550421221259,-9.07359375087562
7.6905696,11.211296,16.155726,13.658564,18.917377,-6.08496383172501,0.189472470765104
7.7216976,10.935447,16.893972,13.742729,19.261148,-5.68697011938086,2.29235771302911
7.761896,10.955150,16.414551,13.247095,19.834098,-7.72681137664549,3.5023123868621
7.7955584,10.689153,17.331693,12.844977,20.588484,-6.33989510990155,7.47150994706313
7.8356048,10.048789,16.811664,12.237125,19.767254,-6.1904982822987,8.46527182168235
7.8904256,10.216269,16.811664,12.452211,19.719508,-6.08298707208313,7.48007126569441
7.9291248,10.472414,16.717113,12.396101,19.538074,-4.64557989002988,6.59651781606422
7.957992,10.324638,16.925125,12.143609,19.776803,-4.36117883772922,8.20813412573883
7.9982528,10.689153,17.709896,11.769546,20.206516,-0.098427738915241,9.97204655396533
8.049208,10.630042,17.246597,11.395483,19.509426,1.57493263230972,9.35295904007169
8.079136,10.777819,17.048041,11.002716,18.984221,4.6355331401473,8.88758517277467
8.1189792,11.033964,16.754933,11.058826,18.869631,4.70286935639878,7.51204753849282
8.1502688,11.122630,16.509101,11.021419,18.487664,5.61536683901284,6.4269493120918
8.1806208,11.211296,16.490191,10.984013,18.506762,5.95512816054534,6.30208366013364
8.22164,11.299962,16.584742,11.086880,18.850533,5.04259633008004,6.51068391758385
8.253096,10.915743,16.953490,11.152342,18.907828,4.54023482817784,7.92874137052639
8.2829696,10.649746,17.048041,11.096232,19.003320,3.73179206447237,9.00093197542265
8.3190032,10.758115,17.010220,11.068177,18.898279,4.48569400661794,8.59082878088437
8.3555952,11.201444,16.594197,11.535756,18.812336,3.22430682004734,5.62509864231451
8.3853168,11.211296,16.584742,11.545108,18.688197,3.63531001326647,5.37389052151963
8.417048,11.368924,16.518557,11.517053,18.516311,4.70742382472143,4.69635242387627
8.459344,11.536404,16.376730,11.526405,18.439918,5.0484190958203,3.93535438152106
8.4880096,11.428034,16.509101,11.376779,18.459016,5.61334333397812,4.78601220958931
8.5281792,11.319665,16.622562,11.358076,18.573607,5.28610194952513,5.44365699121298
8.5719216,11.526552,16.518557,11.376779,18.430369,6.13437172514341,4.52115074397508
8.6103888,11.575811,16.348365,11.395483,18.325328,5.9807328878573,3.9277893106374
8.6519312,11.575811,16.329455,11.629272,18.325328,5.06024127089147,3.34395300696871
8.7043984,11.871363,17.430879,11.928522,18.229836,9.61126078951602,3.5248720348709
8.7332736,11.772846,17.229539,12.050093,17.943361,9.0914620199276,2.71684414889015
8.7630784,11.713735,17.287065,12.087499,18.000656,8.74440377465065,2.94567906542045
8.8132,11.822105,17.267889,12.237125,17.876516,8.98509348243898,2.13000886874296
8.844496,11.841808,17.114488,12.433508,17.761926,8.19309365607826,1.21580000329277
8.8791856,11.989584,16.961086,12.611188,17.551844,8.28824320719244,-0.0996687852335505
8.91308,12.058547,16.855622,12.770165,17.379959,8.19804855112262,-1.05893448136058
8.950464,12.186620,16.788509,12.873032,17.236721,8.57092212736631,-1.91670065246091
8.9819776,12.304841,16.865210,12.985251,17.179426,9.09925225795497,-2.39500126419917
9.0118304,12.324544,16.865210,13.013306,17.150779,9.17445393696815,-2.54716840583153
9.0504,12.354099,16.826859,13.078767,17.017090,9.38690383237008,-3.03910595297766
9.0939616,12.521579,16.769333,13.293853,16.749713,9.98215138200252,-4.41409422579097
9.1340048,12.560986,16.702220,13.434127,16.425041,10.5460894603974,-5.46289794098386
9.1817232,12.777725,16.683045,13.611807,16.329549,10.9768693507008,-6.50466147141361
9.2115664,12.738318,16.606344,13.639861,18.022151,4.50464357170551,-3.7981991979601
9.2429328,12.876242,16.587169,13.742729,17.915843,4.95296525821805,-4.51043114208504
9.2854208,12.728466,16.596756,13.677268,17.925507,4.63543980535562,-4.02861196884399
9.3366368,12.767873,16.577581,13.649213,17.886850,4.93844099428793,-4.14656556381427
9.36556,12.817132,16.692633,13.611807,18.070472,5.04199057055971,-3.68868877891884
9.417104,12.758021,16.721395,13.508939,18.041479,5.38167171337722,-3.34528693831538
9.4481808,12.748169,16.759746,13.359314,16.386844,11.8579559966279,-5.6724687421344
9.4780752,12.698911,16.788509,13.293853,16.425041,11.8820038199122,-5.31172596196208
9.5281328,12.689059,16.769333,13.340611,16.339098,11.9182142624541,-5.56946773185805
9.5578768,12.689059,16.778921,13.228392,16.539631,11.6318190447933,-4.97167666025993
9.5894048,12.669355,16.788509,13.284501,16.606475,11.1484762581584,-4.92187361433447
9.62056,12.639800,16.673457,13.219040,16.616025,10.8184715720714,-4.89362809646024
9.6591952,12.560986,16.769333,13.172282,16.711516,10.7047946201119,-4.29936365625788
9.6904496,12.492024,16.874797,13.078767,16.816557,10.7976793591322,-3.59396087072388
9.7205472,12.482172,16.836447,13.050712,16.873852,10.5140530892165,-3.47956400953191
9.7719776,12.403358,16.913148,13.050712,16.807008,10.7483035851102,-3.29040158241341
9.801624,12.482172,16.932323,12.901087,16.816557,11.6185208073822,-3.08717398259622
9.833096,12.423062,16.951498,12.994602,16.816557,11.1313646274586,-3.13110971369689
9.8743408,12.432913,16.922735,13.041360,16.797459,10.9612716038824,-3.33468256045164
9.9055312,12.403358,16.884385,13.032009,16.864303,10.5022433363903,-3.20206173979355
9.9557232,12.442765,16.826859,13.162931,16.845205,10.0311742106485,-3.70230272242468
10.0079936,12.462469,16.884385,13.162931,16.797459,10.488734340247,-3.72908992140393
10.039096,12.423062,16.951498,13.134876,16.797459,10.6922769050868,-3.4703181440011
10.0680512,12.452617,16.951498,13.050712,16.826107,11.0020765156035,-3.30331678195234
10.108992,12.423062,16.932323,13.088118,16.787910,10.8254047562361,-3.41554530984517
10.1401984,12.393506,16.932323,12.966548,16.787910,11.157727202971,-3.08352146303984
10.1793792,12.383655,17.009024,12.957196,16.873852,11.1259187005271,-2.77255454739171
10.2126992,12.334396,17.047374,12.863680,17.007541,10.9400689599353,-2.17498877868569
10.2516784,12.344248,17.018611,12.882383,16.921598,11.1143055055036,-2.42620490012811
10.2816,12.363951,16.961086,12.891735,16.902500,11.0101921905148,-2.61647767777683
10.3127536,12.275285,16.951498,12.891735,17.017090,10.231430265435,-2.24771472033733
10.3643712,12.373803,16.932323,12.863680,17.093484,10.3500720268982,-2.30974807097125
10.4043216,12.265434,17.028199,12.779516,17.150779,10.4010442666041,-1.63306598135769
10.4353824,12.255582,17.037787,12.816922,17.122131,10.3683984569139,-1.72530270874899
10.4841632,12.245730,17.056962,12.751461,17.150779,10.536015879626,-1.4800824151472
10.5192608,12.127509,17.056962,12.629891,17.131680,10.6088343320645,-0.975375898006043
10.5457504,12.235878,17.152838,12.611188,17.265369,10.9463244391868,-0.804521410397566
10.6030688,12.216175,17.162426,12.639242,17.265369,10.8074660322428,-0.807714845583074
10.6382784,12.176768,17.056962,12.742110,17.255820,9.93518023440634,-1.13519177879439
10.670496,12.176768,17.037787,12.695352,17.208074,10.2056749324158,-1.13930725483976
10.7119872,12.206323,17.085725,12.695352,17.255820,10.3197177861256,-1.05026973386611
10.7405776,12.226027,17.133663,12.723407,17.236721,10.5370119140562,-1.11008288148408
10.7704048,12.226027,17.066549,12.742110,17.188975,10.3942819473429,-1.33778237023048
10.8117728,12.235878,17.056962,12.760813,17.150779,10.4657742124713,-1.47896948048672
10.8429792,12.147213,17.076137,12.770165,17.045738,10.5555162612434,-1.4419977669303
10.8832496,12.226027,17.133663,12.826274,17.141230,10.5103690701727,-1.49349019338527
10.9192448,12.265434,17.172013,12.704703,16.988443,11.7922232342479,-1.49678865782873
10.9645072,12.245730,17.162426,12.732758,16.950246,11.7214392917004,-1.59326272422572
11.000272,12.255582,17.296652,12.657946,17.064836,12.1055178695312,-1.04445202170644
11.035592,12.166916,17.267889,12.676649,17.122131,11.398102929822,-0.842181066253296
11.0782848,12.147213,17.354178,12.517672,17.112582,12.2566266475409,-0.318082672634496
11.1069616,12.245730,17.306240,12.489617,17.093484,12.6144636824764,-0.584247238228333
11.136704,12.294989,17.306240,12.508320,17.055287,12.8661042490511,-0.798168865510476
11.1879392,12.255582,17.335003,12.517672,17.064836,12.7579872797733,-0.66902522277244
11.2605216,12.294989,17.392528,12.555078,17.017090,13.1498538487684,-0.825080564430795
11.3203696,12.354099,17.315827,12.611188,16.912049,13.2649581828884,-1.37633193639057
11.352768,12.462469,17.200776,12.816922,16.768811,13.0116674829799,-2.49446904926544
11.3843824,12.531431,17.085725,12.844977,16.644672,13.1954754482868,-3.10269749001753
11.4218624,12.570838,17.095312,12.957196,16.606475,13.1030232600731,-3.48306160022466
11.455632,12.590541,17.056962,12.957196,16.510984,13.3851762575615,-3.74878766144183
11.484384,12.659504,17.018611,13.013306,16.501434,13.3259879668035,-4.10207874149104
11.5243856,12.689059,16.961086,13.172282,16.396393,13.0262822199844,-4.78459274933572
11.5569216,12.679207,16.913148,13.275150,18.031815,6.63291722230746,-2.38524200596345
11.5854624,12.738318,16.826859,13.349962,18.051144,6.20879026574853,-2.77935572666596
11.6170224,12.748169,16.817272,13.275150,16.339098,12.5498842037991,-5.47447890610496
11.6756912,12.649652,16.846034,13.265798,16.405943,12.0842352874872,-5.07958634465279
11.7080032,12.659504,16.884385,13.321908,16.539631,11.5707776852409,-4.93265363821573
11.7391872,12.629948,16.884385,13.265798,16.539631,11.6660210763549,-4.74739861039667
11.7781552,12.570838,16.932323,13.181634,16.568279,11.8268510149209,-4.30811475824549
11.8093472,12.511727,16.903560,13.228392,16.587377,11.2646069244536,-4.29739978487689
11.8391344,12.472320,16.932323,13.162931,16.577828,11.4980970318461,-4.03663419103146
11.911976,12.403358,16.893972,13.116173,16.606475,11.1682658787062,-3.7996008656796
11.940568,12.452617,16.941910,13.088118,16.701967,11.2814683744261,-3.60705377189213
11.9718736,12.452617,17.056962,13.116173,16.816557,11.1872404608985,-3.28811009219182
12.0218336,12.413210,16.970673,13.116173,16.730615,11.0364287295462,-3.48684468927299
12.0543072,12.531431,16.846034,13.106821,16.606475,11.4979996749414,-4.1395917197364
12.0844336,12.541283,16.951498,13.106821,16.682869,11.6441222863756,-3.85757745949654
12.1232496,12.551134,17.018611,13.050712,16.721066,11.9913508635107,-3.58168596481741
12.153952,12.531431,17.056962,12.975899,16.730615,12.2971484355719,-3.29558763469097
12.1990816,12.472320,17.114488,12.891735,16.807008,12.3196702000445,-2.76006026332545
12.2454608,12.403358,17.210364,12.760813,16.883402,12.6170314376208,-2.03644490577945
12.2756416,12.413210,17.191188,12.751461,16.873852,12.651985826239,-2.08450772464558
12.3065488,12.354099,17.296652,12.657946,16.873852,13.1635898766281,-1.57371206801158
12.35056,12.285137,17.277477,12.639242,16.931148,12.6999678830313,-1.31643480198453
12.3779248,12.235878,17.315827,12.536375,17.083934,12.4774282655363,-0.666908416849608
12.4093456,12.206323,17.344590,12.480266,17.169877,12.3655527595108,-0.290166018774102
12.4406352,12.147213,17.354178,12.480266,17.169877,12.1839905796272,-0.141922911939343
12.4918336,12.097954,17.411704,12.433508,17.351311,11.723747715659,0.456125377656729
12.5320032,12.127509,17.459642,12.246476,17.313115,12.829316662516,0.827556563953301
12.566656,12.097954,17.488404,12.358695,17.284467,12.5208029697089,0.640662785958906
12.6141728,12.157064,17.440466,12.302586,17.274918,12.8017089696925,0.542415288175782
12.6445136,12.078250,17.335003,12.349344,17.303566,11.8500061026328,0.492444278201432
12.6755952,12.107805,17.392528,12.293234,17.351311,12.200550109533,0.720305265734343
12.715608,12.068398,17.459642,12.339992,17.485000,11.6452564908319,1.02195440843215
12.7455968,12.088102,17.421291,12.349344,17.446803,11.681618489369,0.835166534137102
12.777008,12.019140,17.469229,12.321289,17.485000,11.5676305761966,1.19097424874688
12.8119056,12.088102,17.411704,12.227773,17.465902,12.0193617232927,1.1255717673026
12.8479584,12.009288,17.545930,12.171664,17.570943,12.0442720939802,1.80916090941948
12.9043984,11.960029,17.536342,12.115554,17.656885,11.7200042546543,2.16898646950371
12.9517696,11.989584,17.517167,12.068796,17.580492,12.2067815896935,2.05873207738252
12.9907424,11.841808,16.348365,12.031390,17.599590,7.33361887962982,0.648223980333622
13.0331536,11.930474,16.395641,12.087499,17.695082,7.3019682304423,0.545993489925721
13.0820096,11.861512,17.574693,12.031390,17.723730,11.5619650826568,2.7514182458879
13.1205472,11.841808,17.497992,12.059445,17.733279,11.070164812393,2.62770135864015
13.1680832,11.831956,17.565105,12.059445,17.800123,11.0386264085197,2.85861962314994
13.2052448,11.772846,16.367275,12.022038,17.847869,6.27268059961207,1.26252492060926
13.2341696,11.713735,16.386186,11.975280,17.933811,5.97628815479038,1.67699521932683
13.2643104,11.772846,17.565105,12.012687,17.847869,10.8171757445455,3.17611097813238
13.3155424,11.713735,17.488404,11.956577,17.905164,10.3106536035785,3.41208015858701
13.3468544,11.674328,16.348365,11.891116,18.077049,5.46531621351369,2.13368747190185
13.3768672,11.684180,17.526755,11.825655,18.143893,9.95320085063352,4.21036937328986
13.4291504,11.634921,17.526755,11.788249,18.162992,9.83667191041632,4.4411111091774
13.459192,11.526552,16.357820,11.778897,18.306230,4.50923019766833,3.12213660887937
13.489224,11.506849,16.405096,11.750843,18.344426,4.57962737918722,3.36944779868865
13.5307328,11.615218,16.452371,11.778897,18.439918,4.73788586999057,3.27367419614699
13.5706928,11.516700,16.405096,11.694733,18.363525,4.75079819917246,3.50852968788969
13.601808,11.526552,16.329455,11.704085,18.220287,4.9783863732156,3.11732495486094
13.6368896,11.496997,17.574693,11.713436,18.296680,9.2896562696678,5.21450366790042
13.671728,11.516700,16.395641,11.732139,18.325328,4.71702830099779,3.3452755802752
13.7016656,11.546256,16.405096,11.713436,18.382623,4.7292991138591,3.42489392559985
13.734544,11.487145,16.480736,11.619920,18.382623,5.12966024232921,3.90385167291126
13.795616,11.496997,16.386186,11.741491,18.382623,4.36463293789546,3.4450584514627
13.8354256,11.506849,16.376730,11.629272,18.363525,4.83842007632534,3.64170957469316
13.8669104,11.546256,17.555518,11.629272,18.353975,9.49852995420077,5.35407129417349
13.9069808,11.496997,17.545930,11.647975,18.344426,9.24643379723542,5.39680246110318
13.936888,11.536404,16.348365,11.647975,18.373074,4.74125047151487,3.49803752041693
13.9692448,11.615218,16.424006,11.610569,18.325328,5.64557647499993,3.44431509894016
14.0205984,11.644773,16.537467,11.610569,18.334877,6.16127211046931,3.56812528831048
14.0492192,11.546256,16.537467,11.535756,18.411270,5.7768570567583,4.096759268945
14.0806992,11.556107,16.556377,11.488998,18.344426,6.2985857541609,4.10919495856972
14.1303888,11.565959,16.584742,11.526405,18.382623,6.17178121986677,4.10137311713753
14.161488,11.546256,16.622562,11.320670,18.401721,6.91842533115739,4.72526702013839
14.1954064,11.536404,16.509101,11.367428,18.439918,6.13518446659586,4.52010675377619
14.253024,11.536404,16.537467,11.339373,18.430369,6.38104400941271,4.61627209466292
14.2845392,11.605366,16.575287,11.367428,18.373074,6.89797348240019,4.35508935467826
14.3140992,11.634921,16.499646,11.498350,18.296680,6.52279918704062,3.73666095562242
14.3567056,11.634921,16.509101,11.545108,18.191639,6.77093520364679,3.47566749063319
14.3865616,11.782698,16.471281,11.573163,18.143893,7.26439489004682,2.92629888343007
14.4407632,11.713735,16.395641,11.554459,18.019754,7.23055977650572,2.81506101611047
14.4806336,11.881215,16.376730,11.778897,17.972008,7.15642918869103,1.79033835463903
14.5120096,11.891067,16.357820,11.797600,17.790574,7.71511879081613,1.40155619381189
14.5506576,11.910770,16.376730,11.844358,17.800123,7.65721023682993,1.29299461103749
14.5930864,11.871363,16.452371,11.835007,17.914713,7.4123109126014,1.71217847985323
14.6220112,11.910770,16.329455,11.909819,17.876516,6.95982304122159,1.18816780110258
14.6591168,11.910770,17.555518,12.003335,17.800123,11.49682619184,2.79162341656999
14.6969728,11.891067,17.507580,12.050093,17.628238,11.7034761683868,2.38703539002025
14.7332928,11.969881,17.488404,12.050093,17.618689,11.9576835855119,2.1613954746854
14.774512,12.088102,17.536342,12.040741,17.599590,12.6704003378003,1.95778148221769
14.8070352,12.058547,16.386186,12.059445,17.590041,8.23867757497138,0.129970874638854
14.8580992,12.038843,16.348365,11.975280,17.551844,8.46711150841509,0.244879716137742
14.8971296,12.058547,16.348365,12.096851,17.465902,8.41170590114916,-0.220526595342363
14.9283296,12.088102,16.414551,12.190367,17.570943,8.05146160749506,-0.222248852764316
14.9671232,12.058547,17.440466,12.190367,17.389508,12.4321120904897,1.20232704508853
14.9970064,12.058547,17.421291,12.096851,17.437254,12.5293517895328,1.46063668893096
15.0291872,12.009288,17.392528,12.124906,17.485000,11.9650069995294,1.53904906865014
