0.0280288,10.663491,16.915670,11.610527,18.802787,-1.81835994704214,-0.03669848435608
0.0693072,10.633937,16.944035,11.563774,18.793238,-1.62290392332944,0.176703751574134
0.1019584,10.752154,16.849484,11.704033,18.650000,-1.51966393858346,-0.808967379017513
0.1407152,10.821113,16.641472,11.769487,18.583156,-2.06014135660569,-1.55364140279701
0.1757312,10.830965,16.764388,11.797539,18.516311,-1.40118359388653,-1.55830162988344
0.2119664,10.890073,16.792754,12.003252,18.373074,-1.28171867968901,-2.36816372822972
0.2430064,10.939330,16.754933,12.087408,18.115246,-0.617665860272686,-3.1454668190391
0.2731584,10.988586,16.556377,12.339874,17.905164,-1.35312937941433,-4.50362503053552
0.3241024,11.047695,16.537467,12.508185,17.828770,-1.52337251730411,-5.18888786025064
0.3556976,11.146208,16.357820,12.620392,17.733279,-1.9009659508145,-6.12251232273369
0.3856224,11.175762,16.367275,12.704547,17.656885,-1.77552231003973,-6.49459623149279
0.4291552,11.185614,17.538044,12.741950,17.647336,2.66189156587345,-4.75457283485041
0.466736,11.274276,17.538044,12.798053,17.580492,3.03350448207689,-5.19070951041321
0.5069904,11.244722,17.480521,12.882209,17.561393,2.4747090101648,-5.43561799987822
0.5693232,11.293979,17.451759,12.919611,17.590041,2.31744969884683,-5.63327417863964
0.603224,11.353087,17.499695,12.928962,17.542295,2.8556820533114,-5.78856909888715
0.6443872,11.293979,17.518870,12.798053,17.532746,3.20564236762581,-5.34069169244441
0.6807856,11.215168,17.499695,12.741950,17.761926,2.22170213385529,-4.70348380697909
0.7105952,11.205317,17.461346,12.695197,17.838320,1.93498157417616,-4.51439869272567
0.748,11.225019,16.348365,12.639093,18.000656,-2.64186978183617,-5.93258677000062
0.7968608,11.146208,17.490108,12.601691,18.124795,1.13923701686416,-3.67607373018803
0.8342128,11.057546,17.346299,12.611041,18.077049,0.393244269301375,-3.78815006103898
0.8641456,11.126506,17.327125,12.629742,18.105697,0.415890098262363,-3.97595717747766
0.9144592,11.195465,17.279189,12.732599,18.115246,0.10115886766377,-4.43048816420499
0.9459376,11.205317,17.240840,12.723249,18.096148,0.0926591809736959,-4.52078119923373
0.975744,11.136357,17.231253,12.760651,18.143893,-0.504295054182542,-4.38913863244989
1.0269712,11.116654,17.250427,12.798053,18.115246,-0.536912401834474,-4.44445720479241
1.0692208,11.185614,17.250427,12.713898,18.124795,-0.0134264083340128,-4.39476862211183
1.0979776,11.175762,17.202491,12.807404,18.010205,-0.159356122114415,-4.83945991830876
1.151888,11.195465,17.116206,12.798053,17.895615,0.0222940459969472,-5.17772897410419
1.1891152,11.205317,17.250427,12.779352,18.010205,0.233770904333314,-4.76815794053447
1.2265488,11.165911,17.307950,12.788703,17.886066,0.706306608508038,-4.80316250785386
1.2717984,11.353087,17.480521,12.900910,17.771475,2.07221681214704,-5.39572899010209
1.3018064,11.412195,17.547631,12.826105,17.637787,3.28241997250974,-5.46416916790394
1.331608,11.500858,17.384648,12.854157,17.456352,3.55049801516349,-6.27143537199784
1.3731808,11.569817,17.279189,12.938312,17.208074,4.00112387587342,-7.18218263383198
1.4230928,11.619074,17.221665,13.069221,17.208074,3.50131910674723,-7.68053209161052
1.4544064,11.609223,17.221665,12.966364,17.274918,3.59311482048683,-7.31943984885256
1.5043664,11.550114,17.298363,12.910261,17.427705,3.31377584324575,-6.69247964179576
1.5343472,11.550114,17.403823,12.900910,17.590041,3.16437300237239,-6.24695006257275
1.5654976,11.471304,17.279189,12.957014,17.590041,2.20283129501816,-6.39266651120761
1.6057648,11.441749,17.327125,12.826105,17.599590,2.70251441292177,-5.93801173508698
1.6370064,11.402344,17.298363,12.779352,17.704631,2.23892487351947,-5.62170187941254
1.6681584,11.372790,17.461346,12.592340,17.886066,2.76038142275581,-4.58840892571432
1.7004592,11.303830,17.490108,12.620392,17.905164,2.44228822474379,-4.42037920802688
1.748,11.254573,17.442172,12.545587,17.952910,2.17251496591653,-4.13555095645167
1.7780752,11.264425,17.538044,12.564288,17.962459,2.47010562841121,-4.03827280348583
1.809304,11.284128,17.442172,12.611041,17.781025,2.66194299455484,-4.62117360694764
1.8603616,11.343236,16.348365,12.639093,17.866967,-1.70779483840114,-6.42056993510062
1.8906528,11.402344,17.518870,12.601691,17.876516,3.08726515754366,-4.60300041934914
1.920408,11.382641,16.376730,12.526886,17.733279,-0.569491791660182,-6.42293067908401
1.961896,11.422047,17.566806,12.592340,17.771475,3.74678531508952,-4.71534527689642
1.9932576,11.392493,17.547631,12.498834,17.742828,4.00090849691985,-4.50761509097594
2.0343568,11.343236,17.538044,12.564288,17.771475,3.44456695452952,-4.51517721027474
2.0855952,11.323533,17.557219,12.498834,17.857418,3.36954679857772,-4.15639620104109
2.1144592,11.382641,17.442172,12.611041,17.685533,3.37269465091956,-4.99637855734468
2.1456768,11.412195,17.432584,12.639093,17.666434,3.41564072893736,-5.17318445426875
2.18076,11.372790,17.509282,12.582989,17.771475,3.38086312942166,-4.67061891702148
2.2167616,11.372790,17.461346,12.620392,17.742828,3.16996760956435,-4.8757035718618
2.2481504,11.313682,17.422997,12.582989,17.761926,2.86895998336052,-4.68432593559416
2.2780608,11.264425,16.376730,12.564288,17.847869,-1.57176121836859,-6.05087406018878
2.317976,11.313682,17.470933,12.545587,17.809672,3.01238725308877,-4.44925210827806
2.3478672,11.264425,17.538044,12.545587,17.914713,2.70579670605536,-4.06899828954647
2.3791744,11.284128,16.348365,12.573639,17.943361,-1.97726580868859,-6.00999869028965
2.4090992,11.274276,17.490108,12.582989,17.895615,2.49770481807646,-4.28144282424455
2.4644016,11.313682,17.538044,12.601691,17.866967,2.86094741787785,-4.38498553453104
2.5032432,11.323533,17.279189,12.713898,17.924262,1.32356723809713,-4.97810827954055
2.5343504,11.333384,17.279189,12.704547,17.866967,1.59626112511161,-5.06881459411279
2.5743808,11.284128,17.298363,12.713898,17.924262,1.24706511617167,-4.85800114028121
2.6057808,11.175762,17.375061,12.657794,17.972008,1.15670958528859,-4.28685388130181
2.635632,11.165911,17.355887,12.648444,18.010205,0.944973357269967,-4.21315474336214
2.694376,11.116654,17.470933,12.582989,18.162992,0.886540974674785,-3.53558252385814
2.7268944,11.156060,17.413410,12.554938,18.115246,1.08485451821985,-3.72365839339325
2.765584,11.096952,17.403823,12.461432,18.124795,1.12093903604972,-3.37053054804715
2.8093424,11.087100,17.375061,12.470782,18.229836,0.570821842210096,-3.25216506929198
2.83924,11.136357,17.461346,12.461432,18.115246,1.52179140801848,-3.38812577566486
2.8704304,11.096952,17.432584,12.517535,18.067500,1.23420267426436,-3.54452063311362
2.9205184,11.146208,17.490108,12.442730,18.115246,1.73385087826445,-3.32345394360787
2.9557536,11.205317,17.518870,12.470782,18.057951,2.16871644330489,-3.56894029886256
2.9832784,11.195465,17.528457,12.433380,18.067500,2.26643980959772,-3.4302776090904
3.0270512,11.274276,17.394236,12.424029,18.057951,2.12464506000386,-3.8122958558668
3.0581712,11.451601,17.288776,12.545587,17.847869,2.70998999635263,-4.99041934630003
3.0981072,11.589520,17.164142,12.639093,17.742828,2.80103744935272,-5.87995159731076
3.1457584,11.678182,17.173729,12.676495,17.752377,3.0029844988103,-6.13600184881811
3.1756672,11.776696,17.058682,12.704547,17.609139,3.35125255464164,-6.83246477417623
3.207032,11.855507,17.106619,12.779352,17.590041,3.627118603904,-7.13258837330145
3.2393824,11.894912,16.943636,12.760651,17.485000,3.60622721408382,-7.60875003003581
3.2881072,11.865358,17.039508,12.835456,17.427705,3.7921257799874,-7.64832361273483
3.3304912,12.062386,16.895699,12.844806,17.437254,3.92359953551663,-8.32674385390334
3.3652784,11.993426,17.001159,12.798053,17.437254,4.22707233341752,-7.89791305748381
3.4031616,12.151048,16.886112,13.115974,17.322664,3.66065223836178,-9.32633094364597
3.4332048,12.239710,16.905287,13.200129,17.208074,4.16995579812077,-9.86207398018279
3.4817664,12.318521,16.780653,13.200129,17.093484,4.4082240583457,-10.427674850988
3.515552,12.239710,16.771065,13.172077,16.921598,4.79555113643853,-10.4933427565552
3.5456384,12.180602,16.866938,13.153376,16.940697,4.93117226340565,-10.1317802469642
3.575648,12.210156,16.713542,13.190779,16.873852,4.57474947960031,-10.6443685330453
3.6154688,12.210156,16.761478,13.134675,16.921598,4.7840294392535,-10.3618344522436
3.6457664,12.239710,16.876525,13.059870,17.131680,4.83683870791491,-9.72589392544544
3.6770752,12.220008,16.972397,13.059870,17.198525,4.88024126259519,-9.41636366810599
3.7093264,12.190453,16.981985,12.985065,17.294016,4.73224228593072,-9.01496684744992
3.7543872,12.032832,17.049095,12.910261,17.341762,4.4927294835782,-8.31314364571616
3.7879952,11.993426,17.077857,12.723249,17.341762,5.1241495496796,-7.76055013042227
3.8233392,12.013129,17.154555,12.639093,17.418156,5.51036649325758,-7.36980181416291
3.8719232,12.042683,17.164142,12.657794,17.418156,5.58818647546186,-7.46279171510694
3.9004256,12.062386,17.020333,12.713898,17.485000,4.68586990415313,-7.75620212388131
3.93436,12.101791,16.981985,12.816755,17.255820,5.14342331293267,-8.50629180105214
3.9892784,12.180602,16.895699,13.003767,17.169877,4.75252031118118,-9.37749380497737
4.0232176,12.180602,16.819002,13.078571,17.169877,4.19878191739314,-9.66845624405693
4.0530064,12.151048,16.790240,13.106623,17.112582,4.08563591134801,-9.80652956301709
4.0958064,12.013129,16.866938,13.106623,17.188975,3.58335782978209,-9.2501785264783
4.1257824,12.003277,17.020333,12.957014,17.427705,3.8019776404218,-8.25914805142908
4.1566496,11.963872,17.068270,12.863508,17.446803,4.09905649533753,-7.85483007438505
4.197832,12.042683,17.202491,12.957014,17.437254,4.59084050393375,-8.03857854317555
4.2378736,12.082088,16.819002,12.891559,17.169877,4.5016338868638,-9.03507266208357
4.2679648,12.072237,16.742304,12.919611,17.255820,3.76759777095689,-9.06048928751478
4.2993008,12.042683,17.135380,12.854157,17.504098,4.47052843124897,-7.81022179849279
4.3391392,11.875210,17.173729,12.723249,17.695082,3.77673448075256,-6.77692146055272
4.380584,11.717588,17.183316,12.573639,17.761926,3.51876077620232,-5.96185448400158
4.4119504,11.658480,17.212078,12.442730,17.914713,3.32710976792574,-5.24374714049027
4.463328,11.323533,17.490108,12.218316,18.277582,2.62141051946557,-2.96588027760922
4.4921056,11.333384,16.386186,12.021953,18.420820,-1.37446585206319,-4.01977879258882
4.5233328,11.372790,16.357820,11.965850,18.439918,-1.20007151495666,-3.99518202383694
4.5732432,11.284128,17.470933,11.909746,18.583156,2.41191769740418,-1.72084638756938
4.6332496,11.156060,17.164142,11.937798,18.907828,-0.478827662705013,-1.45933355078684
4.6805424,11.136357,17.212078,11.928447,19.098811,-1.00550147610022,-1.03321642525412
4.7144464,11.146208,17.116206,11.965850,18.726393,-0.160873095134342,-1.84848960413368
4.745368,11.195465,17.183316,12.050005,18.506762,0.761380917646818,-2.3935927334051
4.7791328,11.303830,17.164142,12.171563,18.487664,0.738728881086773,-2.98871100593916
4.8256016,11.362938,17.384648,12.152862,18.468566,1.92891807293659,-2.77518050857638
4.8567824,11.303830,17.307950,12.171563,18.373074,1.68837632546243,-2.94400006407723
4.8878416,11.382641,17.269602,12.208965,18.296680,1.97932639410876,-3.38964737190813
4.9393072,11.392493,17.413410,12.190264,18.363525,2.38723273955908,-3.04654349912671
4.9691504,11.520560,17.279189,12.246368,18.115246,3.04660459565183,-4.05997361490894
5.0132944,11.461452,17.346299,12.283770,18.019754,3.28382833011617,-4.05386263806772
5.0706592,11.638777,17.260014,12.358575,17.972008,3.5286189648091,-4.8418004071302
5.100696,11.717588,17.144968,12.536236,17.828770,3.2701703013641,-5.83193237839146
5.1432368,11.756993,17.020333,12.554938,17.656885,3.49738141979487,-6.43387492715794
5.172048,11.816101,17.250427,12.601691,17.761926,4.03701596359782,-6.14272066311046
5.201824,11.865358,17.173729,12.620392,17.752377,3.90221438138906,-6.43235475365995
5.2458224,11.786547,17.231253,12.639093,17.761926,3.72228610853004,-6.19069229537496
5.283072,11.717588,17.346299,12.517535,17.609139,4.87488725707258,-5.81826011156205
5.3154912,11.737290,17.288776,12.545587,17.456352,5.182962436878,-6.25979762079958
5.3453616,11.796399,17.298363,12.554938,17.456352,5.40506330829337,-6.40002570341031
5.3867376,11.835804,17.260014,12.629742,17.580492,4.69398519748116,-6.52232277665903
5.4153488,11.776696,17.231253,12.713898,17.733279,3.52141371019228,-6.38254464329053
5.4457104,11.658480,17.212078,12.741950,17.704631,3.00993735705927,-6.25444972762462
5.4792144,11.569817,17.250427,12.798053,17.761926,2.41915509160716,-6.02979420315995
5.5270032,11.491006,17.403823,12.826105,17.733279,2.70081545409068,-5.71870062871962
5.5580768,11.362938,17.298363,13.415193,17.360861,1.05925695454541,-7.51360906675916
5.588176,11.343236,17.058682,13.845321,16.883402,0.242896293627169,-9.58917584720896
5.6393888,11.175762,16.924461,14.135190,16.864303,-1.85867207669128,-10.112183935868
5.6732992,11.106803,16.866938,14.443759,16.768811,-3.08522687276026,-10.8923544836821
5.7057792,11.205317,16.934048,14.714927,16.787910,-3.44711418099612,-11.5532192392851
5.7474528,11.037843,17.154555,14.836485,17.112582,-4.76120685885954,-10.5565756775201
5.7841424,10.919627,16.405096,14.976744,17.236721,-9.01481929909305,-11.6349067443406
5.8140944,10.762005,16.745478,14.939341,17.208074,-8.07705424645247,-10.6955087584924
5.855312,10.407356,17.341148,14.733628,17.523197,-7.50386047993782,-7.99265822242695
5.917096,10.111815,17.794991,14.331552,17.771475,-6.376664311498,-5.33497643275144
5.9484752,10.476315,17.284417,14.518564,17.160328,-5.50909243838932,-8.34138741942582
5.988088,10.486167,17.048041,14.163241,16.568279,-3.11814588890799,-8.92116341390928
6.0180752,10.259585,16.953490,14.172592,17.694833,-8.29360692959704,-6.75262720897693
6.048152,9.934490,17.221665,15.201158,16.467586,-7.84597483564459,-9.88890674776101
6.0893872,10.781708,15.428853,16.444788,15.375625,-12.1668294909185,-19.4365714471852
6.1191872,11.500858,13.760674,15.275963,14.757170,-9.92044130555269,-22.8759667824114
6.1493008,11.441749,13.827785,14.742979,15.221011,-9.63873448361922,-20.554069501583
6.179184,10.939330,13.568930,14.172592,14.525249,-8.28553056282798,-20.0755846354589
6.231536,10.161071,13.645628,12.545587,14.322318,-4.31634429404385,-14.6293607107257
6.2606848,9.855679,15.476789,12.545587,15.404615,-1.8742480505083,-8.321872260952
6.2980944,9.501030,15.611010,12.919611,15.800813,-5.7497514806373,-7.42494390918291
6.3415584,10.003450,16.205419,12.938312,16.003744,-1.96715926855966,-7.30917475229029
6.371776,10.959032,16.090372,13.929476,16.718833,-4.74200540950315,-10.8155730433349
6.4043008,12.062386,16.004087,14.817784,15.820140,-0.721211414166081,-16.8643745022231
6.4380832,13.254401,14.182513,16.687904,14.602556,-5.44397692126858,-28.7118002338619
6.4744032,15.776352,13.607279,18.755430,15.288655,-7.14546746147473,-36.594834067394
6.5080992,16.840300,11.766530,20.582002,14.138714,-12.1395277468389,-47.1980010397279
6.545824,17.442472,10.654411,22.399350,13.278675,-16.9738744641232,-54.902854743601
6.597152,18.955368,9.513531,23.847692,11.519942,-14.6346671562547,-65.3417790591133
6.6281424,20.380419,8.986233,24.954706,10.882159,-12.7213019396257,-70.9907238627378
6.6608144,21.717624,9.331373,26.273897,11.288021,-11.7891345214564,-71.9453750370345
6.7107712,23.757594,10.184637,28.617076,12.109407,-10.9085411703463,-72.3908140761007
6.7393312,24.645811,12.293828,29.622613,13.442952,-7.81498807140087,-67.120351700081
6.7706832,24.352992,15.237108,29.558037,17.240655,-9.30331850056733,-54.7490757049234
6.8206608,22.469192,17.384648,27.380911,18.277582,-5.93398869963653,-45.3798380427278
6.851952,19.170102,16.858939,22.233298,20.111025,-8.68322625610792,-32.9141712975348
6.8817328,16.456649,12.600619,18.100447,16.496576,-10.0795075339646,-36.2436698340733
6.9219104,14.682850,7.615259,16.052063,10.437645,-9.83835038464659,-56.0988083544003
6.9530576,13.707564,5.956667,15.304015,7.857526,-8.91795880444339,-66.9200630726455
6.9830992,12.988414,5.237625,14.350253,6.533644,-5.95082573504037,-71.8421945704097
7.0169952,12.870198,5.467718,13.209480,6.040812,3.50713200935027,-70.6577388684101
7.06452,13.096779,5.927906,11.376762,5.335387,22.771973786201,-68.6059125791313
7.0958544,12.998266,5.956667,10.525857,5.113129,29.5144963757477,-67.5071007167069
7.1244416,14.180430,6.924978,11.273905,5.837882,31.3860415087706,-64.323446423062
7.1820864,19.287229,9.906607,16.421476,9.036456,23.5617997911592,-61.4374311622166
7.216864,23.679509,12.341764,22.353224,11.558595,15.2927036129133,-62.5440397087577
7.2469424,24.733656,12.964934,24.899355,12.602239,9.3293709737537,-62.9481007657099
7.299696,21.951879,12.025385,24.133671,12.302674,1.20131094767837,-61.6908924550684
7.3278624,19.794782,10.903679,20.969457,10.882159,4.77088784916274,-61.0542905610822
7.3578176,19.316511,10.251747,20.637353,10.312021,3.82132311146371,-62.9914672379031
7.3991152,18.730874,9.944956,20.148422,10.099427,2.98623920848808,-62.9054240532096
7.4308496,18.037870,9.714862,17.879044,9.886833,8.71096174468,-59.966511309435
7.4606864,18.028109,9.734037,18.543252,10.341011,4.47353956341192,-59.6639722448204
7.4944928,17.344865,9.781973,18.617053,10.959466,-0.590945862255774,-57.0656122104829
7.5331664,16.866595,10.501015,17.141035,12.138397,1.45540623621257,-49.3435040983554
7.5658448,17.188695,11.795292,18.386425,15.878120,-9.31315317193826,-40.7075479891887
7.604472,15.549770,10.884505,18.155798,16.486913,-20.3342733673876,-38.2880751091795
7.6457056,14.367606,10.539364,17.735172,17.501566,-28.4219613838519,-34.1644725148581
7.6760336,12.880049,11.210471,15.275963,18.812336,-28.4423702260585,-22.8074644539987
7.7080912,12.042683,11.593960,14.612070,20.273361,-32.8522065324262,-16.3114109268517
7.7480656,11.146208,12.399287,13.069221,22.593811,-35.5463729267205,-5.71409593631178
7.7783104,9.727611,13.473058,9.244824,25.229385,-33.5564042951378,12.5328731567651
7.8282416,8.663663,14.019530,7.888987,25.296230,-31.9349821847099,19.9829290355967
7.8693104,8.033176,17.413410,6.561201,26.919590,-20.7555614516815,31.0664813393119
7.8991104,7.323877,16.849484,5.747699,26.690410,-22.8447624108719,34.8894471237073
7.9306768,6.851011,17.360058,5.813153,26.785902,-23.2038907986659,36.7086299471979
7.9657072,6.259929,17.511339,5.841205,26.948238,-25.7570527487574,38.754117915447
8.0120752,6.387997,17.690986,6.168476,26.910041,-25.3260292936466,37.447104167939
8.0415424,6.516065,18.248835,6.561201,26.556721,-22.480716999047,36.0233443776994
8.0815664,6.397848,19.241617,6.542500,26.566270,-18.7637871625415,37.3135241752763
8.1329424,6.772201,20.650423,6.383540,26.394385,-10.4971170045573,37.7093238644323
8.1628928,7.038187,20.896255,6.346137,25.764139,-6.29435827046282,36.7120417656345
8.1968992,7.185958,21.009716,6.495747,25.248484,-4.05499155252262,35.4919925795783
8.2356512,7.629270,21.416284,6.636006,24.837869,0.0752333996819186,33.7918084905304
8.2668704,7.964216,21.595930,6.851070,24.541844,2.25238940552358,32.1167856179144
8.2956944,7.895257,21.662116,6.748213,23.691967,5.5766259760424,31.8871420613271
8.3430768,7.767189,21.624296,6.626655,22.746598,8.8293862967657,31.6882411536245
8.3769584,7.314026,21.974133,6.224579,21.524303,14.6049739982858,33.4153455748141
8.4069184,7.146553,21.955223,6.149775,20.989549,16.3166757876843,33.6316216197793
8.4594384,7.678526,21.671571,6.598604,20.989549,15.4617777391549,30.3641422622149
8.508296,8.161244,21.170452,7.412106,21.199631,11.4522761588303,26.2554574186444
8.540872,8.289311,20.470777,8.113401,21.199631,6.70081253944465,23.136155094776
8.59804,8.289311,19.950748,8.515477,21.027746,3.87958075152404,21.2266331363046
8.630856,8.506041,19.761646,8.730541,20.903607,3.65290918692545,19.6621230077461
8.6607088,8.811434,19.269983,8.880151,20.731721,3.01902944923414,17.6186431733021
8.7120336,9.087272,18.759409,9.254175,20.827213,0.41024127095003,15.3442061038339
8.7429904,9.491178,18.428481,9.787159,20.559836,-0.256971493007404,12.097608460886
8.7733536,9.579841,18.286655,9.955470,20.282910,-0.0754693992796227,10.8792250776206
8.81448,9.569989,18.447391,9.983522,20.101475,1.05790650552046,10.8045092617634
8.8581072,10.121666,18.419026,9.946119,19.815000,4.2302432077224,9.05581625050411
8.905608,10.259585,18.040823,9.684303,19.433033,5.68190687947808,8.33945431529138
8.9443056,10.308842,17.832812,9.805860,19.671762,3.74242000853858,7.94053668767305
8.9868592,10.259585,17.908452,9.674952,20.063279,2.89158116654536,9.04439851633018
9.031896,9.924639,17.965183,9.394434,20.512090,1.2078306948142,11.3230560984269
9.0881104,9.589692,18.248835,9.029760,21.151885,0.0189653332903656,14.3663353913068
9.1182272,9.343408,18.333930,8.870800,21.314221,-0.620621228717013,15.7635970266748
9.1543584,9.166083,18.598672,8.767943,21.476557,-0.492592066550365,17.0465692070728
9.1892928,9.166083,18.466301,8.898852,21.371516,-1.10127296495265,16.40144702691
9.2204704,9.235043,18.371751,8.983007,21.342869,-1.39925432399053,15.8355806490985
9.2505584,9.244894,18.258290,9.113916,21.419262,-2.5409290374381,15.4106988347305
9.291976,9.235043,18.192104,9.113916,21.447910,-2.94100208620833,15.3904916920255
9.3242032,9.087272,18.182649,9.067163,21.543402,-3.73334058578416,16.0215279447203
9.3543056,9.166083,18.182649,9.151318,21.591148,-3.88587828987696,15.6413042071328
9.3968656,9.166083,18.144829,9.151318,21.467008,-3.59863830324574,15.4403036128202
9.43936,8.969056,18.315020,8.992358,21.600697,-3.61561874560638,16.7777663309245
9.466848,9.028164,18.267745,9.039111,21.581598,-3.66632353812835,16.4092650258693
9.49824,8.949353,18.258290,9.095215,21.667541,-4.51493242992189,16.5645582143954
9.548432,8.900096,18.390661,8.945605,21.629344,-3.52532588038961,17.2197226149585
9.578376,8.978907,18.409571,8.973657,21.619795,-3.2049001374432,16.9404553869556
9.6160064,9.047867,18.296110,9.076513,21.514754,-3.37267899448735,16.2073985042988
9.6694208,9.008461,18.419026,9.011059,21.533852,-2.87991127312412,16.6655155609562
9.7145216,9.106975,18.551397,9.029760,21.409713,-1.60147555092627,16.3585383700774
9.7621952,9.067569,18.664858,8.973657,21.295123,-0.705172388272166,16.6153905034814
9.7932848,9.057718,18.617583,9.020410,21.151885,-0.58301176550631,16.2816242498872
9.8231712,8.978907,18.645948,8.926904,21.209180,-0.650387027741177,16.8549135026335
9.8683136,9.038015,18.598672,8.983007,21.123238,-0.497078704107883,16.3779552760533
9.9093808,9.106975,18.617583,9.020410,20.894057,0.536623691669046,15.828947156907
9.9457024,9.313854,18.636493,9.141968,20.769918,1.42283571820392,14.8113868404202
9.9754192,9.363111,18.674313,9.132617,20.674426,2.13889719790115,14.6317573727429
10.0165936,9.491178,18.655403,9.216772,20.492992,2.91274855447282,13.810397033997
10.0470544,9.530584,18.617583,9.254175,20.464344,2.88696942476268,13.5209405730893
10.0781856,9.599543,18.579762,9.235474,20.445246,3.14424778445766,13.3143754849683
10.1246256,9.589692,18.627038,9.254175,20.368852,3.49830870050174,13.2534817936201
10.1794832,9.638949,18.664858,9.254175,20.330656,3.97127011985712,13.122200951596
10.2159424,9.707908,18.664858,9.291577,20.168320,4.69248395275155,12.6308575151279
10.2532768,9.717760,18.683768,9.300928,20.139672,4.87303009746888,12.5674242077601
10.2832096,9.757165,18.636493,9.413135,20.072828,4.67643074215719,12.0187518616304
10.3117696,9.737463,18.560852,9.394434,20.053730,4.45127041200184,11.9962691363777
10.3703776,9.835976,18.523032,9.581446,20.101475,3.8239428718705,11.2591818377922
10.4043776,9.924639,18.371751,9.562745,19.929590,4.28172404841508,10.6489508041103
10.4380112,9.973895,18.333930,9.656251,19.834098,4.33273393781124,10.0983571920022
10.4857056,10.033004,18.352841,9.674952,19.824549,4.59697493431359,9.90849219415227
10.5281296,10.052706,18.343386,9.740406,19.795902,4.5011039952482,9.63639676735863
10.5581776,10.082261,18.305565,9.861964,19.805451,3.9903687275576,9.20776287915481
10.5971504,10.092112,18.107009,10.039625,19.566721,3.49170805808788,8.12971834025082
10.6280512,10.101963,18.078643,10.366897,19.270697,3.30654127037052,6.81779773706279
10.6581136,10.230031,17.842267,10.413650,19.175205,3.06801401547705,5.90668966690479
10.7020912,10.269437,17.955728,10.460403,19.280246,3.10194716114962,5.99682297418553
10.7304832,10.220180,17.927362,10.432351,19.347090,2.66305793070257,6.24645263695871
10.7608752,10.210328,17.917907,10.479104,19.308893,2.5577705406347,6.08609284939613
10.7944016,10.210328,17.880087,10.469753,19.347090,2.30756085134332,6.11028678740198
10.843272,10.180774,17.955728,10.376247,19.299344,2.99849766827448,6.46157884735809
10.873216,10.141369,18.078643,10.338845,19.480779,2.79533610117675,7.08115120762619
10.903136,10.190626,18.050278,10.273391,19.413934,3.35639083572687,6.99017546222939
10.9555664,10.141369,17.984093,10.235988,19.433033,2.9799975932044,7.1456536932249
10.9918608,10.170923,18.163739,10.207936,19.442582,3.84919177797208,7.4041244780859
11.0278912,10.190626,18.154284,10.170534,19.566721,3.57228339908463,7.60740456043246
11.0780416,10.298991,18.163739,10.151833,19.366189,4.82176508254553,7.11501556420571
11.1080576,10.200477,18.182649,10.151833,19.375738,4.48369953627461,7.40559018473905
11.1395312,10.298991,18.173194,10.282741,19.289795,4.65803955316372,6.689435463709
11.1893776,10.298991,18.021913,10.376247,19.213402,4.01898679639159,6.13398825742905
11.2193648,10.348247,17.965183,10.413650,19.261148,3.67953491960321,5.90229397345195
11.259168,10.298991,17.965183,10.394948,19.232500,3.66391747460536,6.03371711333664
11.3103104,10.338396,17.908452,10.460403,19.318443,3.04617852509872,5.81000528015341
11.340592,10.318693,17.842267,10.488454,19.194303,3.06637025956231,5.51999134002018
11.3719536,10.338396,17.880087,10.479104,19.356639,2.73101841012065,5.7767251728195
11.430968,10.259585,17.898997,10.479104,19.299344,2.7090812876249,5.92148942106731
11.4734624,10.220180,17.880087,10.507156,19.480779,1.72671233758387,6.17844590249847
11.5030976,10.141369,17.813901,10.469753,19.347090,1.78600770202828,6.19196441590006
11.55576,10.141369,17.861177,10.404299,19.538074,1.51443128442718,6.69209378464596
11.5859936,10.170923,17.785536,10.432351,19.528525,1.26953979524094,6.42681749083334
11.6180112,10.131517,17.842267,10.404299,19.633566,1.05905384364332,6.82380450050348
11.6666752,10.072409,17.842267,10.423000,19.671762,0.625807865676236,6.97954474137096
11.70784,10.052706,17.813901,10.404299,19.604918,0.747218618172122,6.94486468113776
11.7365824,10.042855,17.766626,10.432351,19.805451,-0.294729673368641,7.11141930103403
11.787856,10.072409,17.672075,10.423000,19.671762,-0.0351821400162766,6.74251244734819
11.8191952,10.101963,17.728806,10.479104,19.834098,-0.481157975679441,6.8300424868812
11.857952,10.101963,17.653165,10.497805,19.633566,-0.125108822395083,6.39741914034734
11.9017648,10.200477,17.605890,10.563259,19.643115,-0.194458869943066,5.92956008532212
11.9343184,10.170923,17.605890,10.600662,19.690861,-0.613536401842486,5.97687251132253
11.9686144,10.161071,17.634255,10.666116,19.576270,-0.366127021375393,5.71540599650167
12.0241344,10.210328,17.530249,10.619363,19.499877,-0.138263035067695,5.45397876647902
12.0555152,10.180774,17.426243,10.581960,19.490328,-0.491203122951413,5.46177343547744
12.0845424,10.200477,17.473519,10.666116,19.652664,-1.11134902458167,5.49708254090908
12.1342576,10.170923,17.464064,10.619363,19.557172,-0.755695150483906,5.5408177041863
12.1667744,10.121666,17.530249,10.628713,19.643115,-1.03015616719095,5.85675239421042
12.1954864,10.239882,17.473519,10.563259,19.557172,-0.248456404021372,5.52176667818079
12.237816,10.170923,17.501884,10.581960,19.624016,-0.713293991237421,5.78344248058104
12.2792112,10.249734,17.520794,10.591311,19.643115,-0.434129157643486,5.61472781343168
12.3079392,10.249734,17.501884,10.666116,19.547623,-0.433774881590562,5.26453086505606
12.341608,10.338396,17.464064,10.722219,19.452131,-0.0950157917922052,4.71147654655743
12.3979616,10.289139,17.407333,10.768973,19.375738,-0.401551366458026,4.52714012581361
12.4291296,10.249734,17.530249,10.778323,19.433033,-0.314862181609231,4.86023454374127
12.469496,10.367950,17.530249,10.694168,19.356639,0.719986134395485,4.66582713805499
12.5104864,10.279288,17.672075,10.694168,19.538074,0.275120190605113,5.34739152411535
12.5415744,10.170923,17.672075,10.610012,19.413934,0.602548198655935,5.65619103494994
12.5929712,10.092112,17.738261,10.591311,19.528525,0.208866003519185,6.15748786521099
12.62444,10.072409,17.804446,10.479104,19.490328,0.93038337790416,6.53121397876804
12.654896,10.072409,17.832812,10.423000,19.633566,0.72647509208417,6.91331847464
12.685568,10.052706,17.908452,10.376247,19.671762,0.973741632703291,7.24036802996167
12.7391152,9.954193,17.965183,10.376247,19.633566,0.949584430771144,7.51724383944171
12.7765824,10.023152,17.908452,10.394948,19.528525,1.30843233185312,7.06928322034682
12.81032,10.023152,17.898997,10.329494,19.595369,1.26680386769886,7.31604803068079
12.8507712,10.033004,17.936817,10.357546,19.604918,1.31547196519961,7.28495178687044
12.8803248,10.003450,17.946272,10.366897,19.480779,1.65278552895029,7.17736394574504
12.9315856,10.023152,18.050278,10.357546,19.652664,1.54310189307401,7.53273807120579
12.9804768,10.052706,18.069188,10.292092,19.375738,2.97062318577841,7.26748994056292
13.0141824,10.082261,18.144829,10.245339,19.576270,2.81525717019244,7.69314085196139
13.0428928,10.082261,18.173194,10.301442,19.461680,3.13626256602269,7.43121516802547
13.0954624,10.121666,18.135374,10.329494,19.499877,2.90181901917048,7.25997802845223
13.122944,10.092112,18.097554,10.301442,19.385287,3.16210907037314,7.19561957582329
13.1557888,10.131517,18.173194,10.292092,19.366189,3.70644993588091,7.19742436077543
13.1945104,10.170923,18.069188,10.329494,19.299344,3.56669857376134,6.7642511178039
13.2352608,10.259585,18.069188,10.348195,19.327992,3.73308154083671,6.53162923466441
13.2667632,10.279288,17.984093,10.423000,19.213402,3.62819348174105,6.01232720123267
13.3167776,10.367950,17.889542,10.581960,19.203852,3.06162535818731,5.24121927413075
13.3506528,10.358099,17.823357,10.610012,19.060615,3.18929023649708,4.89747939016048
13.3778512,10.387653,17.794991,10.703518,19.003320,3.06191219710134,4.46619039925358
13.4279168,10.466464,17.719351,10.834427,18.879180,3.04943425365638,3.6546042999781
13.4592624,10.545275,17.747716,10.881180,18.764590,3.70728607097314,3.21743879248068
13.4895536,10.564978,17.738261,11.012088,18.669098,3.6172920363587,2.69162406659977
13.5241456,10.555126,17.568070,11.049491,18.678648,2.75596353657093,2.38785439465428
13.5654768,10.535423,17.549159,11.096244,18.707295,2.33337333073622,2.33542373217437
13.6018848,10.525572,17.464064,11.105594,18.764590,1.72558081242594,2.295723025025
13.6365648,10.535423,17.520794,11.049491,18.926926,1.5986120337648,2.73127114534037
13.67432,10.476315,17.549159,11.040140,18.917377,1.54825800523984,2.92785875013019
13.7043776,10.466464,17.549159,11.021439,18.965123,1.40546100411482,3.06809263679878
13.7356064,10.456613,17.473519,11.002738,18.840984,1.59129221106794,2.84694655861263
13.7753104,10.417207,17.482974,11.077542,18.936475,0.860088634614804,2.91281193827107
13.809248,10.476315,17.464064,11.124295,18.955574,0.778807976347142,2.6514847749059
13.8367648,10.466464,17.435699,11.096244,18.898279,0.938009709965427,2.61959127436644
13.867888,10.436910,17.407333,11.058841,18.984221,0.538580622521224,2.86955382967383
13.9205568,10.446761,17.426243,11.077542,18.831434,1.13375351919887,2.60256294971783
13.9492368,10.456613,17.482974,11.114945,19.031967,0.53507718706993,2.86233736850585
13.9993056,10.456613,17.378968,11.189750,18.831434,0.583693736971533,2.23133809784053
14.043016,10.436910,17.388423,11.189750,18.984221,-0.00478262443673749,2.51843265064917
14.071792,10.496018,17.397878,11.236503,18.860082,0.538767624006113,2.0892852963073
14.1028192,10.436910,17.312783,11.208451,18.831434,0.182356538020628,2.1361146286681
14.1528544,10.476315,17.350603,11.292606,18.812336,0.248905256458809,1.85956304292221
14.187864,10.505869,17.293872,11.311307,18.735943,0.35062500405777,1.54367231330215
14.2266192,10.594532,17.378968,11.358060,18.716844,0.924724682389543,1.3101596329006
14.268016,10.624086,17.265507,11.414164,18.583156,0.879215741563173,0.732231257090813
14.2956544,10.673343,17.312783,11.479618,18.592705,0.982787279455007,0.53821252821124
14.3268848,10.673343,17.284417,11.460917,18.459016,1.4224235941982,0.340188880729109
14.3794128,10.673343,17.274962,11.563774,18.516311,0.808693205948797,0.162492969511554
14.40696,10.742302,17.237142,11.657280,18.363525,1.14234932133398,-0.518554924542752
14.4384608,10.693045,17.114226,11.619877,18.268033,0.954666709587698,-0.641681332820077
14.4986272,10.762005,17.152046,11.732085,18.334877,0.723295059699247,-0.919401353571992
14.5374928,10.781708,17.303328,11.797539,18.296680,1.28553006144259,-0.951724600314311
14.5707088,10.870370,17.208777,11.806889,18.287131,1.26357220984076,-1.34512867789541
14.6105296,10.899924,17.161501,11.713383,18.086598,2.25706640965367,-1.57201758270041
14.6407296,10.929478,17.218232,11.750786,18.019754,2.69603917680729,-1.74814559940819
14.6767584,10.880221,17.227687,11.722734,17.981557,2.78395146082438,-1.60703505068212
14.7220304,10.929478,17.274962,11.750786,17.895615,3.36585471787132,-1.85217956313322
14.7733264,10.959032,17.350603,11.704033,17.866967,4.04414115797518,-1.73841867872205
14.8066832,10.939330,17.397878,11.694682,17.943361,3.9044453703282,-1.47846690020365
14.8579616,10.998438,17.416788,11.666630,17.781025,4.89928148012755,-1.77370306741637
14.8958672,11.037843,17.369513,11.647929,17.819221,4.797687519867,-1.83732880945368
14.9294352,11.018141,17.369513,11.750786,17.742828,4.62547081218504,-2.1544416534663
14.9766832,10.968884,17.454609,11.657280,17.895615,4.54471867221446,-1.44585788939539
15.0078816,11.087100,17.520794,11.694682,17.809672,5.42241611395412,-1.8483901964876
