0.052096,12.879155,16.208682,13.404466,16.692418,0.297622280557539,-3.51264221315484
0.0932736,12.839752,16.170333,13.385766,16.721066,-0.0277883156570131,-3.40468729563639
0.124632,12.967811,16.199095,13.441866,16.721066,0.354165456714878,-3.74940812435547
0.158168,12.928408,16.237445,13.460566,16.740164,0.214729678669304,-3.60708068494761
0.1958096,12.938259,16.256619,13.441866,16.778361,0.252533510369224,-3.49035473371973
0.2258192,12.948110,16.199095,13.469916,16.711516,0.214685265364165,-3.78354595584108
0.2557984,12.918558,16.227857,13.460566,16.625574,0.55397895374017,-3.79848795719066
0.298336,12.997363,16.131983,13.404466,16.549180,0.968241462330225,-4.14314279418221
0.3283744,13.046617,16.055284,13.554067,16.510984,0.464457160152115,-4.76485373645194
0.358376,13.125422,16.131983,13.544717,16.472787,1.21251564531201,-4.84531836481377
0.3906736,13.046617,16.055284,13.619517,16.453689,0.435105722274969,-5.00290515120492
0.4307312,13.135273,16.036109,13.582117,16.453689,0.827859866695967,-5.14461455760732
0.4707472,13.204228,16.122396,13.554067,16.339098,1.91754971667846,-5.28020771568876
0.5046704,13.204228,16.103221,13.647567,16.405943,1.26773557815877,-5.39433356435366
0.5418304,13.204228,16.122396,13.610167,16.386844,1.54219145479951,-5.31548055251246
0.57188,13.243630,16.122396,13.572767,16.329549,2.02975267710709,-5.41932740627125
0.6045264,13.184526,16.122396,13.591467,17.995453,-4.11747562824919,-2.51428681652604
0.643288,13.194377,16.179920,13.544717,18.053436,-3.90767774429652,-2.24705132164442
0.694536,13.253481,16.199095,13.563417,16.348648,2.31302185688267,-5.25390913700849
0.7256192,13.194377,16.141571,13.582117,17.995453,-3.97846226590185,-2.48377768052053
0.76584,13.223929,16.141571,13.554067,17.995453,-3.77354000218695,-2.4869280724984
0.7995136,13.194377,16.112809,13.638217,17.898813,-3.94563164857816,-2.80815631085523
0.8269648,13.243630,16.179920,13.600817,17.966461,-3.62086496269326,-2.61076236703114
0.8607728,13.292884,16.208682,13.619517,17.927805,-3.26618879494232,-2.76911065941558
0.9084576,13.292884,16.179920,13.647567,17.898813,-3.36842946887226,-2.92284865929124
0.9395648,13.332286,16.112809,13.656917,17.744190,-2.9710353400883,-3.39171357283173
0.9730592,13.401241,16.131983,13.713018,17.734526,-2.80765382926324,-3.63611111372636
1.0205552,13.371689,16.122396,13.750418,17.724862,-3.04639819677788,-3.68442058888798
1.0532928,13.470196,16.007347,13.806518,17.637887,-3.00093730784327,-4.34197853566005
1.0957488,13.489897,16.007347,13.806518,17.608895,-2.82893472820008,-4.43129177434294
1.1445344,13.539151,15.911473,13.900019,17.705535,-3.65244091396357,-4.72420564610754
1.1770016,13.539151,15.892299,13.900019,17.676543,-3.62363593378561,-4.80510315868973
1.2044224,13.598255,15.853949,13.890669,17.695871,-3.58157889610145,-4.93932025701224
1.2547232,13.588404,15.834774,13.871968,17.657215,-3.49167934865508,-4.97804026904952
1.2893552,13.578554,15.853949,13.928069,17.695871,-3.78186086074574,-4.97564750961709
1.3257488,13.480047,15.796425,13.871968,17.734526,-4.29681635591494,-4.68933440776928
1.3684176,13.470196,15.796425,13.834568,17.821502,-4.50259459975691,-4.44571096567727
1.3984352,13.489897,15.853949,13.759768,17.889149,-4.19332880111374,-4.12234326523212
1.4295392,13.519449,15.873124,13.797168,17.869821,-4.07568537588602,-4.26090847389173
1.4633408,13.529300,15.853949,13.806518,17.908477,-4.27372663545603,-4.26798173065728
1.5019376,13.588404,15.863536,13.806518,17.782846,-3.59221452054076,-4.58390041321362
1.5307312,13.568703,15.758075,13.834568,17.782846,-4.14857241067553,-4.77818546789793
1.5643488,13.558852,15.758075,13.871968,17.763518,-4.24665599696154,-4.86740938951971
1.6020064,13.529300,15.834774,13.815868,17.753854,-3.84799418313513,-4.57826836069514
1.6334192,13.608106,15.978585,13.806518,17.753854,-2.99935100656742,-4.48038300642775
1.6658304,13.578554,16.007347,13.741068,17.734526,-2.71135419027758,-4.26889680719557
1.6997008,13.549002,15.959410,13.741068,17.821502,-3.29334885595715,-4.14272273849057
1.7372288,13.509599,15.978585,13.638217,17.811838,-2.98133804303995,-3.8324173609949
1.7655536,13.470196,16.036109,13.610167,17.869821,-3.01777765181166,-3.50020545577411
1.7970928,13.509599,16.103221,13.628867,17.840830,-2.59273418146765,-3.55759901281687
1.847008,13.470196,16.151158,13.526017,17.908477,-2.44051960219279,-3.07063108327545
1.87816,13.489897,16.247032,13.535367,17.898813,-2.018244273614,-2.98895920530001
1.9084192,13.480047,16.256619,13.544717,17.956797,-2.25064581773698,-2.87677207378391
1.9619696,13.450495,16.208682,13.497966,17.811838,-1.87260032833022,-3.03569206564403
1.9993536,13.401241,16.122396,13.516667,17.715199,-2.09845361114603,-3.27513632923846
2.0295504,13.371689,16.122396,13.488616,17.782846,-2.3438180709881,-3.04230632206809
2.0705968,13.401241,16.179920,13.441866,17.956797,-2.46402103446068,-2.62386107400269
2.101968,13.342137,16.314144,13.451216,18.014780,-2.4214044463872,-2.20435453454074
2.1322688,13.391391,16.218270,13.423166,17.995453,-2.42859027428786,-2.43750964473454
2.1681904,13.283033,16.314144,13.385766,17.966461,-2.24540568875057,-2.02190057492332
2.2045104,13.243630,16.285382,13.357716,18.014780,-2.5646858214141,-1.84783135302631
2.2346672,13.361839,16.294969,13.451216,17.976125,-2.28653215337477,-2.34027754674822
2.2644832,13.351988,16.352493,13.441866,18.005117,-2.18038045648317,-2.15851940453671
2.3058576,13.223929,16.294969,13.301615,16.386844,3.36872734434359,-4.40554723232764
2.3358192,13.184526,16.294969,13.292265,16.491885,2.87579648047481,-4.12096673327602
2.3872048,13.125422,16.237445,13.236165,16.510984,2.58125884613396,-3.94134371169748
2.4281904,13.095870,16.390843,13.170715,16.530082,3.20566390769792,-3.44224622423332
2.4594752,13.145123,16.419605,13.226815,16.568279,3.14855469760742,-3.55318840809084
2.490832,13.125422,16.400430,13.208115,16.510984,3.28257043030234,-3.60180448927088
2.5245424,13.095870,16.400430,13.208115,16.558730,3.00040249098403,-3.45699808244511
2.57188,13.135273,16.410018,13.254865,16.606475,2.83694869909384,-3.5432235542362
2.6135216,13.115571,16.371668,13.198765,16.501434,3.20977433872096,-3.62631417743003
2.6571152,13.066318,16.342906,13.170715,16.539631,2.88602404933203,-3.444555110428
2.6958608,13.076169,16.467542,13.180065,16.692418,2.79077785500635,-3.01308602134193
2.7255376,13.036766,16.553829,13.067864,16.768811,3.09225321547144,-2.41266173640306
2.7681568,12.948110,16.486717,13.058514,16.759262,2.58951317376377,-2.33077717634232
2.7969728,12.977662,16.534654,12.993064,16.787910,3.00779168713468,-2.12406997602358
2.8270256,12.908707,16.601766,12.993064,16.826107,2.86228346191466,-1.79788981668202
2.8567376,13.026915,16.419605,13.011764,16.682869,3.08048027225983,-2.64293850390463
2.908272,13.017065,16.390843,13.039814,16.616025,3.0799543120838,-2.84475250057245
2.9394928,13.017065,16.457955,13.114614,16.740164,2.60297683396604,-2.6811503403758
2.9698448,13.036766,16.457955,13.152015,16.663770,2.8167778962413,-2.93332300884975
3.0117216,13.036766,16.457955,13.142665,16.730615,2.60824610956204,-2.79991781739461
3.0407008,13.007214,16.438780,13.152015,16.692418,2.53384713993745,-2.85377559491818
3.0708256,13.036766,16.438780,13.152015,16.701967,2.60779869783402,-2.90104532164471
3.102104,12.967811,16.390843,13.180065,16.682869,2.14522774166354,-2.9269992664339
3.1419264,12.977662,16.362081,13.217465,16.596926,2.25157270640799,-3.22391256003058
3.1743008,13.046617,16.275794,13.245515,16.549180,2.25914223814158,-3.66127499105401
3.2081888,13.076169,16.247032,13.357716,16.377295,2.47910943987696,-4.30964656961722
3.2544912,13.135273,16.294969,13.432516,16.472787,2.25537848961021,-4.34719916444296
3.2944944,13.223929,16.266207,13.395116,16.434590,2.74942168342695,-4.57122947745414
3.3257664,13.223929,16.141571,13.441866,18.014780,-3.45480672428224,-2.21937255953745
3.3698208,13.194377,16.151158,13.469916,16.377295,2.1538507971823,-4.96519722328502
3.4072544,13.302734,16.275794,13.423166,16.482336,2.79869029562053,-4.69839902883064
3.4384624,13.194377,16.275794,13.301615,16.463238,2.91171079404486,-4.24409012932843
3.4819264,13.125422,16.304556,13.217465,16.434590,3.17497670681411,-3.91733694534037
3.5084736,13.086019,16.371668,13.208115,16.549180,2.8933369011086,-3.50137778184784
3.5395712,13.105721,16.390843,13.086564,16.587377,3.33974329357024,-3.18502755278231
3.578224,13.115571,16.448367,13.198765,16.635123,3.00481200358439,-3.26727039522714
3.6234512,13.036766,16.477129,13.067864,16.673320,3.1583107665761,-2.70370080816878
3.6722912,12.928408,16.400430,12.890213,16.883402,2.35948051555397,-1.85975096889365
3.705912,13.007214,16.419605,12.955664,17.007541,2.03341711863248,-1.93128084105082
3.7559248,12.977662,16.515479,12.890213,16.892951,2.92947659528669,-1.75708043870458
3.7847776,12.987512,16.563416,12.918263,16.883402,3.07414381033451,-1.77478521412012
3.8196384,12.948110,16.553829,12.918263,16.940697,2.68663025511251,-1.60951989127937
3.8671504,12.938259,16.582591,12.824763,16.978893,2.95667411460102,-1.27325953701157
3.9072352,12.889006,16.534654,12.815413,16.864303,3.05079928165181,-1.41764178449758
3.950736,12.889006,16.582591,12.796713,17.007541,2.77375108083327,-1.05719217488367
3.983448,12.889006,16.611353,12.796713,16.931148,3.15715478604166,-1.13664553429869
4.0181728,12.829902,16.678465,12.749962,16.931148,3.35690080248207,-0.793611297352623
4.0507664,12.820051,16.697639,12.749962,16.940697,3.35627917537503,-0.724269283143004
4.090736,12.780648,16.707227,12.740612,16.921598,3.35065293754682,-0.63333649256545
4.1206432,12.770797,16.659290,12.740612,16.892951,3.24290501727468,-0.739273778604
4.151824,12.898856,16.678465,12.768663,16.912049,3.61101409882909,-1.01687433212474
4.2031936,12.928408,16.640115,12.768663,16.873852,3.71820995743818,-1.20904992330693
4.2433728,12.987512,16.620940,12.871513,16.711516,4.08174236611142,-1.865575933008
4.275944,13.056467,16.563416,12.871513,16.692418,4.19343169704592,-2.14412281821083
4.3243872,12.997363,16.630528,12.918263,16.692418,4.05164930687236,-2.00424479912035
4.3557744,13.056467,16.630528,12.890213,16.740164,4.19540067871531,-1.99110185857745
4.387248,13.017065,16.573003,13.011764,16.730615,3.43298229335814,-2.28143751382797
4.4269792,13.036766,16.515479,13.049164,16.568279,3.75019681149668,-2.77660128523534
4.457136,13.007214,16.496304,13.170715,16.558730,3.1629801108081,-3.02334682327415
4.4910752,13.026915,16.419605,13.180065,16.463238,3.2677608369875,-3.37953465088972
4.5334672,13.095870,16.467542,13.282915,16.453689,3.35644317286678,-3.68167267170479
4.5696768,13.056467,16.438780,13.264215,16.472787,3.10511426798386,-3.57405602285239
4.600944,13.115571,16.400430,13.217465,16.472787,3.35157164736038,-3.66611445084957
4.630728,13.076169,16.534654,13.245515,16.501434,3.49224712020664,-3.36365315688886
4.682048,13.066318,16.429192,13.198765,16.425041,3.51892487621906,-3.55316740455338
4.7119632,13.076169,16.467542,13.208115,16.453689,3.55691750936898,-3.47963428279493
4.7432736,13.026915,16.448367,13.161365,16.482336,3.37198812806487,-3.25753762782027
4.7858704,13.086019,16.486717,13.123964,16.444139,4.00571153289055,-3.30388449178177
4.81588,13.017065,16.515479,13.011764,16.472787,4.16481177286239,-2.81589759250794
4.8446048,13.095870,16.601766,12.965014,16.606475,4.44954533891564,-2.51161138683691
4.876976,12.977662,16.688052,12.834113,16.682869,4.53283994503947,-1.69833126558956
4.9208112,12.889006,16.774339,12.665812,16.864303,4.47603818996885,-0.690507690663882
4.9571552,12.751096,16.908562,12.684512,16.816557,4.56911211044327,-0.285544567798658
4.9905904,12.829902,16.946912,12.721912,16.902500,4.54420976730757,-0.334697304766928
5.0280928,12.957960,16.918149,12.572311,16.959795,5.24239683780936,-0.240481362706227
5.0592896,12.987512,16.851038,12.534911,16.912049,5.41876859724139,-0.413095389762132
5.0906736,13.046617,16.726402,12.675162,16.682869,5.50817109304092,-1.43817333536875
5.1247408,13.076169,16.697639,12.796713,16.558730,5.52058785940047,-2.02383646686491
5.1769904,13.017065,16.812688,12.740612,16.797459,5.05244408379976,-1.18048623205352
5.2144368,13.056467,16.812688,12.731262,16.921598,4.77548435276255,-1.0393471284789
5.253192,13.076169,16.755164,12.562961,16.835656,5.57043400532241,-0.954419170565362
5.2847872,13.056467,16.678465,12.488161,16.835656,5.49583650442743,-0.875689623634464
5.3145328,13.095870,16.822276,12.450761,16.854754,6.22830655379713,-0.608795201485441
5.3445216,13.076169,16.879800,12.525561,16.749713,6.47680342594777,-0.808298916633245
5.3942272,13.145123,16.831863,12.675162,16.606475,6.5291945546187,-1.60366510486636
5.4256448,13.125422,16.879800,12.749962,16.577828,6.46063120351279,-1.69084234220188
5.4569472,13.115571,16.879800,12.731262,16.539631,6.63527491348529,-1.69298934814883
5.508376,13.076169,16.831863,12.656462,16.587377,6.419745000379,-1.44509099517536
5.53968,13.076169,16.851038,12.693862,16.558730,6.45672548903255,-1.54237476019155
5.5697168,13.026915,16.841450,12.628412,16.730615,5.85059290958973,-1.02103221246078
5.6097024,13.026915,16.879800,12.469461,16.721066,6.61247715899762,-0.625296709486069
5.640792,13.026915,16.966086,12.525561,16.768811,6.53994016439417,-0.525582849335946
5.6709888,12.997363,16.956499,12.516211,16.816557,6.25683258065597,-0.377208595869746
5.7035248,12.938259,16.937324,12.469461,16.845205,6.04041953587931,-0.12922840486678
5.7432848,12.829902,16.994849,12.385310,16.883402,6.02590306819439,0.453226350947816
5.7859216,12.790499,17.177009,12.291810,17.122131,6.00701311409971,1.43534298247353
5.8269552,12.879155,17.186596,12.217010,17.093484,6.74260550182952,1.37369668685652
5.8647616,12.751096,17.090722,12.188959,17.064836,6.14300789540183,1.5183651939569
5.8985264,12.810200,17.109897,12.198309,17.045738,6.46263149552537,1.36602023804281
5.926976,12.751096,17.244121,12.179609,17.427705,5.39776894880271,2.37250140474714
5.9685376,12.869304,17.330407,12.198309,17.083934,7.32811475665999,1.65439774170547
6.0096208,12.810200,17.033198,12.170259,16.940697,6.67852505498302,1.13154922956829
6.038144,12.908707,17.061960,12.422711,17.141230,5.46783305634169,0.729084802864882
6.080664,12.957960,16.937324,12.394660,16.931148,6.07064145678673,0.133874594427144
6.1096704,12.908707,16.889387,12.375960,16.835656,6.14047580156673,0.0467871943926461
6.1397792,12.849603,17.042785,12.413361,16.854754,6.27330562296543,0.379442545546201
6.1709296,12.889006,17.148247,12.553611,16.778361,6.56067877738848,0.0317948874355878
6.2169216,13.066318,16.994849,12.731262,16.663770,6.41437012087475,-1.1864698044064
6.2519936,13.351988,16.611353,12.740612,17.918141,1.50522230508301,-0.393451437759111
6.2822592,13.588404,16.745576,12.712562,17.995453,2.66215209265505,-0.496671501405061
6.3332496,13.903626,16.218270,12.778013,16.787461,6.00702804475283,-4.18034038836948
6.36472,13.923328,15.326643,13.067864,16.043338,4.50353532039813,-7.70572891809853
6.3957504,13.657359,15.374580,13.180065,16.410567,1.92543266277625,-6.63749382854322
6.4597968,13.480047,15.240356,13.432516,16.584518,-0.790493865258068,-6.72503810350926
6.4972976,12.169906,14.789749,14.320771,17.280322,-13.1707159720605,-5.39766537317082
6.5308736,11.687222,14.272030,13.273565,17.773182,-15.3327713363154,-2.09169371078127
6.5782464,10.751407,14.128219,12.198309,16.377295,-10.9803975756831,-0.145363511508261
6.6096688,9.973203,14.828098,11.291355,17.217623,-11.0686043430275,6.79565205246943
6.6535888,10.032307,15.671789,10.833202,17.313115,-5.82994380721301,9.39740848469737
6.704608,10.485439,16.841450,10.917353,17.217623,0.834319802137057,9.75551170057493
6.7422672,10.938570,17.435869,11.291355,16.415492,6.56597158715358,7.3645812628081
6.7759136,11.756177,17.311232,12.123509,16.642502,5.11704139921757,3.59869715042055
6.81328,13.450495,16.357820,13.180065,15.444174,8.37590532596669,-6.16975105976485
6.844472,15.144813,16.556377,14.638673,13.298781,17.6518549626959,-16.1220485044697
6.8744144,17.013004,16.227857,17.294087,12.313060,16.5062433279151,-26.7183147165653
6.9244816,20.917253,14.991084,20.618903,11.153388,17.2193359934764,-42.1845208348807
6.9558736,22.957223,14.981496,22.703778,10.283633,19.1024801357006,-49.0414591135116
6.985888,25.290012,16.074459,24.207472,10.737838,22.2006826960945,-50.1486944445832
7.026784,26.685781,17.152046,24.428874,12.293732,23.1103659259896,-46.9223921132229
7.0683344,27.154291,18.976875,23.395662,13.637018,27.6747935994692,-40.8455849728349
7.0995232,26.090383,22.626533,19.779417,17.260994,33.4668571523235,-24.2114818126527
7.144536,23.786876,21.964678,16.948135,15.656781,40.3130963403387,-20.7889256800432
7.1807712,17.198456,17.133136,10.851902,11.752551,48.5813393929103,-14.5865159703155
7.210568,13.135273,10.954792,8.374139,6.862601,52.7276464561186,-26.9614232197299
7.248184,9.283655,4.962673,7.233433,4.002077,29.5694156946849,-50.0465100900778
7.2922784,6.771730,3.054782,8.617240,5.442003,-34.3766265984559,-49.1535157159658
7.3232,8.525152,5.451630,12.366610,11.308010,-51.7749598116886,-28.770189683378
7.3533216,10.150515,8.644231,16.331032,16.577828,-55.1116795136687,-19.0360649868694
7.4044688,11.106032,13.035256,16.855057,19.958238,-41.0199941290704,-6.84722016018805
7.434592,11.559163,13.418752,19.004508,20.731721,-45.3849203116624,-9.9405652182699
7.4656832,11.214389,11.539623,20.941782,21.552951,-61.5123670957855,-14.6230052843182
7.5184448,11.647819,10.993142,22.030345,19.604918,-59.9892786304908,-21.7219096891669
7.5473152,11.972892,10.226151,23.460238,18.459016,-62.59794626532,-28.2566833166041
7.5769552,11.293195,9.727606,22.768354,17.876516,-64.9087536225832,-28.1967559667715
7.6200448,10.603647,9.420810,21.495288,17.580492,-65.8013489938141,-26.0920107589286
7.6586256,9.756488,9.660495,20.268348,18.268033,-67.4367787050368,-20.3826983333911
7.7036928,9.175297,10.600059,18.921482,19.948689,-66.5030212764287,-11.4927140676597
7.7509184,8.830523,11.673847,17.620741,20.550287,-61.1975348020611,-5.04298629674122
7.7819216,8.850225,12.344964,17.076459,21.018197,-57.7205436102837,-1.96050938187222
7.8132608,8.712315,12.738047,16.393801,20.750820,-53.9992647409985,0.0500849733388335
7.8530672,8.426645,13.658437,16.396482,21.170984,-52.2022429268326,2.86364195622319
7.8844864,8.062170,15.249943,13.909369,21.085041,-39.389191230913,11.8241325839283
7.9143712,8.131125,15.940236,13.526017,20.282910,-32.4344084510539,12.4298951864988
7.948456,8.406944,16.582591,13.180065,19.977336,-26.4228751617648,13.0961097545589
7.985784,8.475899,17.359169,12.235710,20.244713,-20.6825517045922,16.7633790912264
8.0171264,8.535003,17.066951,10.908002,20.158770,-16.8893122441399,19.5142882755387
8.0483328,8.800971,17.520794,10.711651,19.709959,-11.6538902927541,19.3374711728291
8.0897392,8.919180,17.558614,10.758402,20.340205,-13.3865235532997,19.8185970937373
8.1186208,8.869926,17.719351,10.655551,21.027746,-14.9370513827721,21.3446522652016
8.1508352,8.722166,17.690986,10.608801,21.619795,-17.4813391890096,22.5818576105352
8.1820176,8.406944,17.369513,10.636851,22.269139,-22.3145798555352,23.7497390394823
8.2205712,8.062170,17.227687,10.346999,23.224057,-26.4708446384874,26.4323268121095
8.2605968,7.500681,17.199322,9.767296,24.446352,-30.9726575690362,30.9126545414625
8.2907808,6.988445,17.076406,9.262394,25.076598,-34.0969508129259,34.3000671899386
8.3460128,6.722477,17.322238,9.000592,25.181639,-33.7046615149549,36.1739252854117
8.394496,6.417106,17.369513,8.888392,25.449016,-35.3107588001853,37.7028960330053
8.429608,6.367852,17.265507,8.991242,25.678197,-36.9923190559066,37.6773905147633
8.465752,6.328449,16.660383,9.337194,25.640000,-40.787135911567,36.1226705373901
8.5059264,6.417106,17.320820,9.860797,25.372623,-38.2143627095392,34.8059460640094
8.5399936,6.574717,17.100310,10.122598,25.019303,-38.2198173713541,33.0148924256145
8.592312,6.820984,16.946912,10.403100,24.245820,-36.337679017863,30.5155949118815
8.6297088,7.599188,16.793513,11.132404,22.307336,-29.8795016903756,23.8930736417282
8.6636368,8.052319,16.563416,11.684057,21.954016,-29.5427218201862,20.4946044620454
8.7019264,8.269034,16.486717,11.992608,21.495656,-28.4710456422366,18.4254254828773
8.7308928,8.495600,16.534654,12.301160,21.228279,-27.4334316695442,16.7695312188512
8.7735488,8.623659,16.448367,12.778013,20.951352,-27.8865778870083,14.7568385828469
8.8122608,8.879777,16.755164,12.927613,20.196967,-23.6068943383912,13.123428413527
8.8435216,8.929030,16.812688,13.011764,19.547623,-21.3285231327891,11.9363820876366
8.8748784,9.224551,16.908562,13.142665,19.127459,-18.7610614124186,10.4217276642311
8.9157584,9.421565,17.023611,13.254865,18.993770,-17.41808919462,9.6528540052169
8.9456272,9.707234,17.301645,13.357716,18.926926,-15.2747773852196,9.04983194751062
8.988544,9.845144,17.550917,13.479266,18.888730,-14.0224711564745,8.7582754253803
9.028072,9.884547,17.541330,13.432516,18.583156,-12.7283528180632,8.30366998691237
9.057176,9.845144,16.376730,13.095914,18.182090,-15.0487153514772,6.77447375124963
9.0883888,9.923949,16.528012,12.983714,18.306230,-14.1509865446418,7.2876241971803
9.1282528,9.914099,16.688748,12.815413,18.468566,-13.5189440571256,8.21576497024704
9.1686224,10.032307,16.641472,12.609712,18.420820,-12.3572832088516,8.27830389343504
9.201032,10.101262,16.773843,12.506861,18.334877,-10.890369663751,8.43162890152007
9.2294384,10.455886,17.256052,12.675162,18.162992,-7.57101631031678,7.66629917307089
9.2707808,10.849914,17.539704,12.843463,17.924262,-4.71447996668221,6.42363121059074
9.3021232,10.899167,18.012458,12.347910,17.847869,-0.714875682422656,8.06802631345091
9.3320144,10.751407,18.305565,11.590556,17.895615,2.40152197426384,10.7287498920797
9.3659632,10.367230,18.655403,10.795802,18.029303,4.72801857804328,14.3293671851079
9.4035456,10.101262,19.109246,10.075848,18.162992,7.65052169877826,17.6637815305266
9.4335344,10.209619,19.364533,10.131948,18.115246,8.95727318512272,17.5304783500752
9.4644752,10.465737,19.714371,10.150648,18.325328,10.278715568836,17.6037223885136
9.5035568,10.534692,19.723826,10.019748,18.315779,11.0940435816672,17.7599149267188
9.534784,10.534692,19.487449,10.001048,17.905164,11.8967768997169,16.9144034927251
9.56448,10.643049,19.695461,9.935597,18.038852,12.7658610375582,17.2797363748632
9.5984816,10.436185,19.638730,9.785996,18.201189,11.7734126001423,18.331878798937
9.6560848,10.150515,19.638730,9.542895,18.153443,11.8709828775812,19.6327117821482
9.688544,10.199769,19.638730,9.468095,17.914713,13.2799978838455,19.3737617476297
9.7197168,10.347529,19.610365,9.486795,18.077049,12.9994660271872,19.1232648701042
9.7584832,10.465737,19.298348,9.608345,18.172541,11.4500912692244,18.2050529936233
9.7886304,10.593796,19.165977,9.851447,18.430369,9.5016579237381,17.4275821032842
9.8208624,10.643049,18.939055,10.131948,18.506762,7.49685935810359,16.3834567267591
9.8598768,10.416484,18.674313,10.309599,18.554508,4.83558826494346,16.2026045263297
9.8908192,10.337678,18.419026,10.459200,18.707295,2.45707499000272,15.8793059712432
9.9236224,10.160366,18.173194,10.758402,18.640451,-0.00615677225667355,15.1274080283493
9.95472,10.081560,18.021913,10.936053,18.602254,-1.40041745236601,14.6065318105302
9.9933152,10.170217,17.577525,11.048253,18.879180,-4.19333522084382,13.8606458464413
10.0269024,10.199769,17.303328,11.263304,18.907828,-6.0266352376906,12.8922945746793
10.0645872,10.367230,17.180412,11.497056,19.098811,-7.36145192995012,12.0038253656974
10.1160128,10.524841,16.915670,11.581206,19.108361,-8.11204952896193,11.0357692894035
10.1471104,10.544543,16.802209,11.786907,19.022418,-8.90151191537282,10.1908443713043
10.1774288,10.662751,16.783299,11.740157,19.041516,-8.41363080604974,10.0187650694363
10.2181552,10.652900,16.632017,11.730807,18.898279,-8.51275478301255,9.61916567427735
10.253272,10.702154,16.669838,11.609256,18.611803,-6.72127625686691,9.41429503861729
10.290944,10.593796,16.944035,11.618606,18.640451,-6.20462405112175,10.1163736787226
10.3298736,10.623348,17.048041,11.543806,18.583156,-5.20928675236889,10.2970840719046
10.3607008,10.465737,17.274962,11.422255,18.726393,-5.01672042814886,11.5340309757274
10.3908384,10.426334,17.331693,11.412905,18.840984,-5.32578206102235,11.9077788306156
10.4260096,10.298275,17.369513,11.422255,18.993770,-6.25494981494551,12.4800015745874
10.4634064,9.983054,17.416788,11.394205,19.117910,-7.64627209346213,13.5784502181383
10.4932768,9.756488,17.331693,11.422255,19.394836,-9.95314083090849,14.3503821627713
10.5235168,9.628429,17.265507,11.525106,19.471230,-11.353538040968,14.428056887268
10.5659904,9.569325,17.227687,11.637306,19.643115,-12.7244187697697,14.4880967474554
10.5960192,9.657981,17.076406,11.665357,19.327992,-11.9839014031585,13.5228349273391
10.6260848,9.795891,17.048041,11.730807,19.375738,-11.9361515487143,13.0464407116206
10.65604,9.923949,17.057496,11.740157,19.347090,-11.3190846275837,12.6793417843069
10.7099776,9.835293,17.048041,11.721457,19.175205,-11.0490720753818,12.6779612590798
10.7397696,9.894397,17.293872,11.693407,19.585820,-11.1596990095696,13.5570916342697
10.7708928,9.854995,17.000765,11.721457,18.946025,-10.3574082529294,12.2201949507069
10.82112,9.904248,17.038586,11.796257,18.812336,-9.80129532200307,11.7706175736333
10.853384,10.071710,17.123681,11.852358,18.965123,-9.52863306111979,11.5758058262414
10.8873824,10.180067,17.123681,11.899108,18.793238,-8.6609135008066,10.9411043314794
10.942256,10.180067,17.303328,11.880408,18.840984,-8.05538063052429,11.3255756604401
10.9732208,10.249022,17.322238,11.777557,18.592705,-6.46979145384183,11.0663168530685
11.0058976,10.317977,17.265507,11.721457,18.468566,-5.77896854240524,10.7635225712266
11.0459472,10.268723,17.350603,11.684057,18.487664,-5.57316641631042,11.131791457195
11.0756912,10.278574,17.388423,11.740157,18.334877,-5.04002396717877,10.7978574903854
11.1058224,10.377081,17.473519,11.786907,18.353975,-4.5615751582073,10.6007497819342
11.1374624,10.524841,17.643710,11.758857,18.363525,-3.26802272709926,10.5801681472769
11.1873808,10.574095,17.511339,11.618606,18.182090,-2.42650300008371,10.3290625012905
11.218056,10.682452,17.492429,11.721457,18.172541,-2.42068245113551,9.77487529000406
11.248352,10.810511,17.520794,11.796257,17.991107,-1.4352638953999,9.05441690227444
11.2995968,10.741556,17.501884,11.740157,17.981557,-1.53260360672033,9.31143166437206
11.35116,10.800660,17.416788,11.814957,17.733279,-0.998903782957724,8.47755858706424
11.3948608,10.859765,17.558614,11.786907,17.828770,-0.477850828808328,8.76834436600882
11.4235936,10.820362,17.643710,11.814957,17.761926,-0.162172793753125,8.82351565898552
11.4572928,10.761258,17.624800,11.861708,17.857418,-0.978259819153238,8.97027796646487
11.4873744,10.820362,17.577525,11.833657,17.809672,-0.656884009177508,8.7504561903359
11.5422432,10.849914,17.350603,11.814957,17.675984,-0.853849903055286,8.16805784113028
11.5774816,11.007525,17.293872,12.039359,17.704631,-1.39188544852623,7.21369593589187
11.6097648,11.125733,17.152046,12.086109,17.609139,-1.3047770465002,6.45194460528117
11.648168,11.155285,16.915670,12.525561,17.141230,-1.99517448001031,4.22789364268487
11.6883808,11.224240,16.849484,12.619062,16.997992,-1.80300160960302,3.50972129396966
11.7194368,11.293195,16.622562,12.983714,16.902500,-3.39168471475731,1.9806303874488
11.7611712,11.283344,16.546922,13.086564,17.083934,-4.74665603490772,1.94326155823367
11.7910704,11.322747,16.405096,13.282915,17.093484,-5.87993205091622,1.18877241876797
11.8220688,11.273493,17.330407,13.357716,17.112582,-2.85137288760624,2.67549151730232
11.856016,11.303045,17.253708,13.367066,17.083934,-2.96125545325243,2.41813105680583
11.891936,11.342448,17.292058,13.376416,17.294016,-3.44364740148078,2.70837350815349
11.9221088,11.342448,17.368757,13.357716,17.341762,-3.25676377999941,2.949287010262
11.9560128,11.322747,17.407106,13.395116,17.332213,-3.28460737013636,2.9555504118068
12.0032928,11.411403,17.196184,13.469916,16.921598,-2.55745497509017,1.58794539606758
12.0343104,11.460656,17.157834,13.563417,16.740164,-2.2028488804442,0.909853697417276
12.0645872,11.470507,17.157834,13.684967,16.807008,-2.83592005244696,0.727798402228292
12.1072064,11.569014,17.167422,13.731718,16.845205,-2.72921851165048,0.485170377099877
12.13872,11.578865,17.052373,13.890669,16.768811,-3.41737255095565,-0.201086786748316
12.1736112,11.628118,16.956499,13.946769,16.740164,-3.69033345537875,-0.638024500406507
12.2193408,11.647819,17.004436,13.946769,16.673320,-3.19901531792572,-0.712490821844868
12.250656,11.618267,17.033198,14.002869,16.682869,-3.43357181786084,-0.706884721293147
12.2830544,11.608417,17.061960,13.956119,16.749713,-3.43300769972123,-0.424869068294694
12.323168,11.637969,17.023611,13.956119,16.711516,-3.33160487882433,-0.616192947259382
12.372232,11.618267,17.100310,13.881318,16.730615,-2.92019780945437,-0.250886012039459
12.4048752,11.588715,17.119485,13.778468,16.682869,-2.42593513785591,-0.00728627124041381
12.4373744,11.569014,17.119485,13.675617,16.682869,-2.1343763740146,0.263051062244408
12.47728,11.559163,17.244121,13.769118,16.644672,-1.89932174628146,0.220964834621515
12.5159984,11.569014,17.234533,13.722368,16.682869,-1.86790699855873,0.349402492832557
12.5499264,11.480358,17.387932,13.684967,16.692418,-1.52589947692543,0.89515928665223
12.5967568,11.490208,17.378344,13.563417,16.730615,-1.22765500411263,1.18961252608067
12.6480368,11.509910,17.378344,13.544717,16.892951,-1.66557159993111,1.45159157562197
12.6892784,11.539462,17.378344,13.469916,16.931148,-1.42479080291451,1.61406309185567
12.729408,11.440955,17.474218,13.292265,16.978893,-0.971359896720046,2.46262919608313
12.7596896,11.431104,16.348365,13.226815,17.112582,-5.54729447945437,1.00806417659676
12.7906128,11.381851,16.395641,13.198765,17.007541,-5.07995782586734,1.08669963169756
12.8432752,11.411403,16.357820,13.208115,17.026639,-5.21384770708471,0.967411600819879
12.8720928,11.372000,16.405096,13.180065,17.007541,-5.01457754995374,1.16716062252898
12.9019184,11.362149,16.395641,13.254865,17.045738,-5.4934065028557,1.06794317617818
12.9633856,11.431104,16.386186,13.254865,16.892951,-4.71577509472519,0.641133920326702
12.993616,11.411403,16.367275,13.264215,16.912049,-4.96781466771454,0.664829317302814
13.025576,11.440955,17.522155,13.292265,16.921598,-0.587151023625599,2.4475620733344
13.0670096,11.470507,17.550917,13.339016,16.883402,-0.400141351933666,2.26146896070548
13.094576,11.470507,16.367275,13.310965,16.883402,-4.80293517989161,0.378094186963988
13.1246768,11.440955,16.367275,13.301615,16.797459,-4.57610286638961,0.321355937774765
13.1672176,11.362149,16.452371,13.273565,16.864303,-4.69086884075437,0.817542150223606
13.197208,11.372000,16.518557,13.282915,16.892951,-4.5319968658108,0.932492835547365
13.2271888,11.352299,16.594197,13.180065,16.940697,-4.1178545718482,1.4150820285132
13.2606864,11.342448,16.632017,13.170715,16.883402,-3.77025753199626,1.42632328138761
13.3018,11.381851,16.575287,13.077214,16.854754,-3.39693319908366,1.40733415612054
13.3298016,11.362149,16.641472,13.039814,16.845205,-3.04755687199487,1.6314599847652
13.3596848,11.460656,16.717113,13.058514,16.807008,-2.30652191766008,1.42713362341608
13.4019136,11.460656,16.745478,13.095914,16.873852,-2.57455459126863,1.50010023451085
13.4308416,11.460656,16.669838,13.086564,16.902500,-2.9345691874195,1.4434808225346
13.4820096,11.480358,16.537467,13.067864,16.749713,-2.74840904844691,0.966405318720511
13.5247056,11.421254,16.528012,13.039814,16.701967,-2.73810870240749,1.06869605426365
13.5535744,11.529611,16.565832,13.114614,16.692418,-2.41095751718469,0.700478851012782
13.5848432,11.569014,16.632017,13.133314,16.768811,-2.34974898713374,0.807646995480525
13.6159408,11.559163,16.603652,13.133314,16.701967,-2.25436455041298,0.670782635205114
13.6546672,11.628118,16.480736,13.320315,16.577828,-2.68942536040481,-0.32037275530465
13.6859568,11.628118,16.442916,13.310965,16.444139,-2.31637691927577,-0.59020657320773
13.7173296,11.697073,16.414551,13.441866,16.348648,-2.28873032882471,-1.24811036713553
13.7573216,11.726625,16.338910,13.469916,16.329549,-2.49869063956574,-1.53860433125556
13.7886144,11.854684,17.541330,13.544717,17.995453,-3.62921177805593,2.70606083786306
13.8184336,11.953191,17.493393,13.666267,17.889149,-3.49563062114945,1.98611439082056
13.8534336,11.982743,17.426281,13.628867,17.831166,-3.30630745304336,1.80637439646303
13.8957328,11.992593,17.407106,13.731718,17.908477,-3.95797096330596,1.65390659282169
13.9420512,12.002444,17.407106,13.741068,17.811838,-3.62308582142277,1.46003950408075
13.9730608,12.071399,17.339995,13.815868,17.724862,-3.57458439399711,0.905982458120729
14.0187392,12.100951,17.311232,13.806518,17.724862,-3.53962496708009,0.81680190717158
14.0459408,12.022145,17.349582,13.843918,17.831166,-4.18000601634848,1.13537030218594
14.0780896,12.012295,17.387932,13.750418,17.898813,-3.98690375385136,1.52554053063259
14.1295888,11.992593,17.378344,13.778468,17.908477,-4.22338294273464,1.50764151344057
14.1585776,11.953191,17.359169,13.741068,17.956797,-4.47641385054592,1.71948761886293
14.1885376,11.963041,17.378344,13.731718,17.966461,-4.37050843715767,1.7637713975567
14.237288,11.982743,17.349582,13.741068,17.908477,-4.23792447135033,1.56435040260283
14.27072,11.864534,17.282470,13.713018,17.985789,-5.09100138189548,1.89734377505562
14.3007456,11.923639,17.330407,13.638217,18.043772,-4.63750220557075,2.0979832384233
14.3320864,11.903937,17.339995,13.694317,18.063100,-4.9318638629601,2.06434277475089
14.3820912,11.864534,17.330407,13.722368,18.053436,-5.17558706223567,2.0587714424622
14.413464,11.844833,17.234533,13.787818,17.995453,-5.62954935692052,1.71743185683067
14.4449232,11.884236,17.234533,13.787818,17.985789,-5.45039767223822,1.61679200034494
14.48492,11.884236,17.320820,13.871968,18.063100,-5.67834847645753,1.69249198564355
14.5160256,11.874385,17.215359,13.890669,17.985789,-5.9072788926996,1.38539172203926
14.546,11.864534,17.244121,13.871968,17.976125,-5.74090506171009,1.47724002185451
14.587656,11.923639,17.224946,13.815868,18.034108,-5.59920028122345,1.53199820730821
14.6189712,11.903937,17.234533,13.862618,16.348648,0.0753371838555239,-1.24474237397045
14.6484096,11.854684,17.311232,13.825218,16.329549,0.379788109847577,-0.960166939441674
14.6795392,11.913788,17.272883,13.797168,16.367746,0.420362393031879,-1.02807292576356
14.721032,11.874385,17.244121,13.741068,16.405943,0.231572941248458,-0.804101321135285
14.7598192,11.894086,17.311232,13.769118,16.358197,0.624465316608025,-0.876123469426251
14.7899504,11.815281,17.263295,13.694317,18.063100,-5.54456843569614,2.13655286487387
14.8410384,11.874385,17.320820,13.741068,16.415492,0.481978533023615,-0.660898440291954
14.87104,11.825132,17.339995,13.656917,16.367746,0.844803351924012,-0.416304814566073
14.9008352,11.844833,17.349582,13.694317,18.014780,-4.95044936577268,2.13191003574728
14.9438912,11.825132,17.368757,13.694317,16.339098,0.919937686252448,-0.498106494343507
14.9736608,11.913788,17.397519,13.684967,16.348648,1.35365474124439,-0.608093416539003
15.0033856,11.874385,17.407106,13.647567,18.014780,-4.46912173656961,2.25951494522067
