0.0298304,13.690686,16.414551,12.204525,17.338942,-4.65447562872987,2.99407003467592
0.0607344,13.720237,16.471281,12.223225,17.348605,-4.44856978293779,2.9998673484609
0.1110992,13.730087,16.442916,12.204525,17.338942,-4.41110467204079,2.95595888295139
0.1424096,13.818740,16.405096,12.251275,17.242313,-4.04601758078764,2.44057530352643
0.1722512,13.858141,16.367275,12.335424,17.213324,-4.2425929238117,2.06379495308721
0.2248112,13.867991,16.357820,12.298024,17.193998,-4.03319682074516,2.07473285133911
0.253656,13.848291,17.504683,12.428923,17.078043,-0.126569069591154,3.5329002773804
0.2860256,13.848291,16.329455,12.335424,17.126358,-4.09441034992614,1.87590047659782
0.3344992,13.828590,16.395641,12.419573,17.145684,-4.30729194810001,1.88119683408548
0.38592,13.779339,16.329455,12.354124,17.126358,-4.41067570050654,1.98376044882872
0.4183136,13.828590,16.414551,12.326074,17.155347,-3.93224607171795,2.12932002586382
0.4571136,13.838441,16.424006,12.344774,17.184335,-4.03811310002631,2.13232494324363
0.4874064,13.808890,16.433461,12.307374,17.242313,-4.18541008495748,2.38842685081249
0.5224256,13.848291,16.433461,12.288674,17.193998,-3.79875443670153,2.26343863618249
0.587232,13.749788,16.395641,12.335424,17.116695,-4.17487677079263,2.18222958867687
0.6237056,13.789189,16.461826,12.372823,17.193998,-4.21714703578838,2.25700404725483
0.6524512,13.828590,16.424006,12.391523,17.174672,-4.20919877176007,2.03714318083201
0.6910336,13.789189,16.433461,12.447623,17.126358,-4.34488619721947,1.93643590304707
0.7210496,13.779339,16.405096,12.372823,17.087706,-4.06582400188609,2.00563730339524
0.7524128,13.769488,16.338910,12.419573,17.039391,-4.33306704025939,1.7341670770119
0.79244,13.818740,16.357820,12.410223,17.087706,-4.23137784211576,1.76166495538833
0.8235984,13.799039,16.376730,12.447623,17.058717,-4.2650699670349,1.70684609490386
0.8535216,13.769488,16.405096,12.410223,17.145684,-4.45099560763937,2.04362251642334
0.8871904,13.759638,16.395641,12.335424,17.155347,-4.28146681224568,2.22572462359917
0.924944,13.720237,16.414551,12.279325,17.251976,-4.50369378177821,2.62415879381303
0.956072,13.739938,16.433461,12.260625,17.348605,-4.65035409913972,2.81401737446884
0.985952,13.611884,16.509101,12.148426,17.367931,-4.4984978148598,3.49095587097263
1.026976,13.592183,16.575287,12.120376,17.493550,-4.68878794531837,3.91038550248819
1.0572592,13.631584,16.499646,12.073627,17.561190,-4.89522610767524,3.91323452513531
1.0896096,13.592183,16.499646,12.054927,17.551527,-4.9332167466714,4.02382306264466
1.1199456,13.592183,16.528012,12.036227,17.503212,-4.58595115195716,4.03183168963388
1.1709536,13.523231,16.575287,12.092327,17.561190,-5.08108768388271,4.23233435555709
1.2120368,13.621734,16.528012,12.129726,17.464561,-4.68059656659618,3.70060015994667
1.2410448,13.631584,16.499646,12.167126,17.454898,-4.84848729519185,3.53547599470831
1.2835488,13.651285,16.499646,12.204525,17.483887,-5.02005896570218,3.45953529030085
1.3136992,13.651285,16.603652,12.167126,17.406583,-4.22832493168996,3.58444609784458
1.3435776,13.641435,16.565832,12.185826,17.435572,-4.57339882045167,3.55075141148527
1.3847216,13.611884,16.546922,12.167126,17.358268,-4.39581119674961,3.49683931996138
1.414832,13.680836,16.471281,12.251275,17.222987,-4.23221047514838,2.81591340376705
1.4474512,13.730087,16.509101,12.232575,17.319617,-4.20589960145019,2.97305419760119
1.4773568,13.670985,16.405096,12.213875,17.348605,-4.82899022988652,3.01680717615747
1.5159984,13.700536,16.433461,12.251275,17.242313,-4.36822026956457,2.74258943537449
1.548704,13.602033,16.452371,12.241925,17.251976,-4.65563877987526,3.02342532307311
1.5774416,13.533081,16.471281,12.213875,17.445235,-5.44065113511666,3.58511618739843
1.6263424,13.582333,16.556377,12.251275,17.464561,-5.16388478966043,3.56913154803951
1.6948112,13.562632,16.471281,12.279325,17.290628,-5.0082106567581,3.12332109535631
1.7410144,13.621734,16.395641,12.428923,17.242313,-5.43796329713388,2.46647199185637
1.7710592,13.680836,16.357820,12.550471,17.126358,-5.3816500750683,1.82151363189989
1.8036832,13.799039,16.338910,12.700070,16.991077,-5.07664186605172,0.991143697228861
1.8360992,13.848291,17.475922,12.802918,16.846132,-0.745403068871354,2.31736598795101
1.8784608,13.956644,17.495096,12.793568,16.710851,0.222899879526155,1.91909113475936
1.9145904,13.927093,17.495096,12.802918,16.797818,-0.231225160822085,2.10404027406256
1.94592,13.936944,17.495096,12.728119,16.730177,0.32432456363825,2.12976591725331
1.9958304,13.936944,17.533444,12.662670,16.739840,0.661132203211544,2.34630382413152
2.0271072,13.769488,16.471281,12.475672,16.865458,-3.42448585665186,1.54395155889388
2.0574016,13.749788,16.584742,12.485022,16.933099,-3.37306591471153,1.87044265339375
2.0999552,13.759638,16.584742,12.456972,16.904110,-3.12789392895597,1.86082348185075
2.1284992,13.700536,16.528012,12.410223,16.952425,-3.54757226883812,2.07384646149841
2.1598336,13.799039,16.556377,12.466322,16.962088,-3.33642078212766,1.80612780482627
2.193688,13.789189,16.528012,12.466322,16.942762,-3.40165900270844,1.74722556303315
2.2295856,13.799039,16.575287,12.475672,16.904110,-3.09004908247577,1.72063465305678
2.2699408,13.808890,16.528012,12.419573,16.933099,-3.12356506113208,1.78890085431657
2.303536,13.720237,16.546922,12.391523,16.923436,-3.233512151491,2.05479577626845
2.3410832,13.720237,16.603652,12.298024,17.107032,-3.36296167540719,2.65733166991658
2.3720704,13.680836,16.575287,12.307374,17.097369,-3.60393897709239,2.65884317206442
2.4034928,13.680836,16.499646,12.288674,17.078043,-3.73480080489314,2.5408629644707
2.4447744,13.710387,16.556377,12.316724,17.126358,-3.70690242405564,2.59177035922779
2.4760048,13.680836,16.575287,12.335424,17.068380,-3.60048220815828,2.55008343706402
2.513616,13.582333,16.584742,12.279325,17.136021,-3.96196190829397,3.01235413416309
2.5486608,13.690686,16.537467,12.298024,17.193998,-4.02481451321415,2.75556636641026
2.588768,13.631584,16.622562,12.326074,17.155347,-3.8928671667719,2.89965228037999
2.6174832,13.670985,16.622562,12.335424,17.184335,-3.89266135880671,2.84258959739733
2.6474528,13.621734,16.575287,12.335424,17.136021,-4.06079469503463,2.79014631023831
2.6849264,13.680836,16.584742,12.391523,17.020065,-3.59531553964676,2.36447500642887
2.7210576,13.700536,16.565832,12.456972,17.039391,-3.90399905530358,2.18223946813502
2.7495984,13.759638,16.424006,12.466322,17.000739,-4.0926549511849,1.73318475269465
2.7836128,13.690686,16.405096,12.475672,16.971751,-4.33602035476812,1.78043023679313
2.832368,13.749788,16.405096,12.503722,16.942762,-4.12022406421171,1.54481600721038
2.862104,13.789189,16.518557,12.597221,16.942762,-3.91606952241836,1.45192954592066
2.8962128,13.739938,16.414551,12.597221,16.991077,-4.64166129194454,1.46331417039934
2.9485632,13.789189,16.395641,12.559821,16.913773,-4.11239460232684,1.27588684715471
2.9871136,13.730087,16.329455,12.485022,16.962088,-4.46528117863471,1.53209466847083
3.040952,13.739938,16.537467,12.410223,17.155347,-4.11818647874781,2.34404604457014
3.0749024,13.799039,16.499646,12.382173,17.020065,-3.44257894160146,1.98839901422478
3.1073232,13.838441,16.405096,12.391523,16.894447,-3.21093770011787,1.51376364810599
3.1584192,13.927093,16.480736,12.372823,16.904110,-2.59126052367177,1.50786683165016
3.1959936,13.986195,16.546922,12.428923,16.971751,-2.602715688834,1.48706546006141
3.2260288,13.927093,16.528012,12.447623,16.904110,-2.69926931062292,1.4277810916941
3.267488,13.897542,16.461826,12.456972,16.865458,-2.93189714478279,1.2942986609496
3.2974608,13.927093,16.414551,12.428923,16.826807,-2.74864933699332,1.1459301363352
3.3284592,13.946794,16.386186,12.587871,16.826807,-3.36592864213943,0.717814624540168
3.3585712,13.956644,16.348365,12.587871,16.730177,-3.10966240379273,0.468540179206704
3.4095888,13.956644,16.357820,12.615921,16.643211,-2.85821248862775,0.276911155797031
3.4484816,14.015746,16.395641,12.587871,16.739840,-2.76612249127747,0.440144307701244
3.4820816,13.867991,16.442916,12.615921,16.730177,-3.19209181921001,0.7579180299079
3.5335792,13.976345,16.471281,12.569171,16.720514,-2.49685365328767,0.658862757328215
3.5622112,13.956644,16.461826,12.513072,16.730177,-2.42882838609488,0.820166487384691
3.6071184,13.966494,16.433461,12.597221,16.730177,-2.80565140185216,0.572497582415297
3.6472784,13.946794,16.395641,12.634620,16.662536,-2.89895996181836,0.355616886817804
3.6772496,14.025596,16.395641,12.559821,16.614222,-2.16260968451719,0.264742768154571
3.7073168,13.966494,16.461826,12.672020,16.594896,-2.48133227456738,0.232253685772616
3.748552,14.005896,16.509101,12.681370,16.730177,-2.70696603654794,0.439486057767542
3.79988,14.015746,16.367275,12.662670,16.662536,-2.85786233054602,0.102024177509749
3.8296,13.956644,17.562205,12.625270,16.507929,1.82221164184472,2.05006354564868
3.8822912,14.045297,16.367275,12.756169,16.498266,-2.49119693113517,-0.43855253973957
3.9134512,14.035447,16.386186,12.737469,16.507929,-2.42553530840781,-0.329417328061915
3.943544,14.104399,16.348365,12.756169,16.459615,-2.2052316850031,-0.661743910215156
3.9858752,14.084698,16.357820,12.793568,16.420963,-2.23700407294099,-0.749167889818834
4.0235888,14.114249,16.395641,12.709419,16.391974,-1.57799867240337,-0.619209147830432
4.0548704,14.114249,16.424006,12.737469,16.372648,-1.50988878196278,-0.662633504401157
4.0959648,14.124099,16.386186,12.830968,16.420963,-2.13483652738169,-0.861403396463166
4.1259968,14.242303,16.376730,12.802918,16.353322,-1.39537574844711,-1.18281099926514
4.1585744,14.104399,16.367275,12.830968,16.305008,-1.84209377895846,-1.05271009110526
4.2025072,14.163500,16.395641,12.812268,16.314671,-1.49841916916688,-1.07166171181197
4.249864,14.133950,16.480736,12.793568,16.401637,-1.55522431051436,-0.674410338580916
4.2797392,14.153650,16.367275,12.859018,16.353322,-1.95056510299773,-1.13110357709087
4.3136112,14.183201,16.367275,12.915117,16.353322,-2.05344166800675,-1.30992922341994
4.3509888,14.193051,17.562205,12.887067,16.237367,2.66225163553074,0.557885213573496
4.3847312,14.232453,16.357820,12.849668,16.295345,-1.45537151492807,-1.39270641404364
4.4335392,14.222602,16.433461,12.859018,16.276019,-1.18591604925815,-1.29430530009096
4.4735536,14.183201,16.452371,12.812268,16.237367,-0.940691889981697,-1.14842522122093
4.5048336,14.084698,16.499646,12.709419,16.276019,-0.882409369559545,-0.577579206236146
4.5348272,14.015746,16.546922,12.662670,16.362985,-1.10909376047845,-0.102967514317125
4.576392,14.064997,16.584742,12.672020,16.401637,-0.980092660511444,-0.0958185456556624
4.6088,14.035447,16.556377,12.634620,16.585233,-1.72735023523687,0.310048269678022
4.6375552,13.996045,16.575287,12.541121,16.604559,-1.52485765841237,0.656300755360139
4.6697696,13.927093,16.565832,12.485022,16.691525,-1.9172220585129,1.05340521746578
4.7199808,13.956644,16.556377,12.550471,16.701188,-2.12412974056524,0.85175691538581
4.7498976,13.867991,16.499646,12.485022,16.720514,-2.47016957655662,1.11646339447629
4.781168,13.887692,16.452371,12.494372,16.778492,-2.81764851635671,1.07261236780277
4.8225232,13.897542,16.461826,12.513072,16.768829,-2.78221517106258,1.01141967797447
4.8535904,13.848291,16.575287,12.475672,16.865458,-2.77225512759564,1.55052307734738
4.8836064,13.749788,16.528012,12.485022,16.875121,-3.36215172867565,1.67789998498161
4.9265392,13.739938,16.528012,12.485022,16.981414,-3.78847513025582,1.87742940020553
4.9662368,13.661135,16.575287,12.447623,17.010402,-3.87036991130573,2.25428784043244
4.99484,13.621734,16.537467,12.391523,17.078043,-4.18953996076328,2.50960782197436
5.029512,13.611884,16.613107,12.316724,17.165009,-3.99836957152595,2.96272570045499
5.0763616,13.592183,16.688748,12.232575,17.203661,-3.63108809261267,3.37653756329977
5.1071536,13.434578,16.811664,12.139076,17.319617,-3.83767898586731,4.31524616410152
5.142528,13.533081,16.783299,12.195176,17.271302,-3.61559304821953,3.85291601234947
5.1884752,13.542932,16.707658,12.400873,17.155347,-4.17985166752584,3.07048534443527
5.2186384,13.444429,16.717113,12.382173,17.174672,-4.5012295929031,3.37151290787375
5.2485008,13.414878,16.821119,12.372823,17.261639,-4.51823103128751,3.770110490992
5.3011904,13.395177,16.679293,12.354124,17.242313,-4.95904718731776,3.5884170772626
5.3295856,13.405027,16.660383,12.307374,17.193998,-4.64342619874721,3.55767104251204
5.3621888,13.434578,16.717113,12.241925,17.242313,-4.27036627370858,3.80903108979754
5.4022688,13.395177,16.858939,12.269975,17.348605,-4.39536099665836,4.24045811918867
5.4311728,13.316375,16.811664,12.241925,17.242313,-4.3553074177853,4.22217592711892
5.4737312,13.286824,16.906214,12.260625,17.290628,-4.36777463144064,4.47958765938113
5.5062576,13.385327,16.991310,12.438273,17.261639,-4.25472388876077,3.970759091841
5.543784,13.503530,16.698203,12.830968,16.797818,-4.62022077388602,1.62083813993229
5.5737728,13.473979,16.338910,13.195614,16.314671,-5.58910398417926,-0.525304603029779
5.603752,13.542932,16.348365,13.420011,16.150401,-5.52511987959645,-1.41131657717122
5.6684288,13.582333,17.523857,13.578959,15.870175,-0.769086182173094,-0.290990365765232
5.7149392,13.739938,16.329455,13.822056,15.908827,-5.46792806519112,-3.10997579298948
5.7611552,13.749788,16.395641,13.794006,15.957142,-5.26831149560126,-2.87174403558634
5.7962576,13.867991,17.475922,14.027754,15.889501,-1.65158003157779,-1.84615533173038
5.8389904,13.966494,17.370465,14.009054,15.406354,0.154268999266724,-3.01515750755147
5.8874384,14.133950,17.341704,13.952954,14.768600,3.21168887947973,-4.40518243692414
5.918568,14.301405,16.452371,13.934255,14.942533,0.121296648140667,-5.98484553420582
5.946976,14.577213,16.650928,13.775307,14.739611,3.13885577906337,-6.22753747806659
5.9911632,14.449159,16.660383,13.008616,14.720285,5.74583222535362,-4.42395923658596
6.0285456,13.542932,17.038586,12.999266,13.966576,6.90913817610223,-3.1835696139865
6.0610912,12.833710,16.747309,12.522422,12.922978,9.57802459541971,-3.08682382514487
6.1060384,11.395566,16.718548,11.250837,13.473765,7.19463619424546,4.25577098793649
6.1412304,11.011404,17.208777,11.811830,15.396691,-2.74200138276563,8.09448345197185
6.1720432,11.001554,17.917907,12.335424,17.851078,-11.3345238285721,11.9535045989104
6.2048048,10.469638,17.492429,11.680932,17.725460,-12.1441301636961,13.942186598796
6.2434016,10.686344,18.390661,11.858580,17.026639,-5.97710415383692,13.2927682734678
6.2838832,11.543321,19.279438,12.129726,16.596926,0.927214921994623,11.3371464132196
6.3136608,12.016135,18.787774,12.887067,17.793101,-6.2577420381578,9.62742479699804
6.3734928,12.085087,17.530249,13.289112,16.797818,-8.40361661724183,5.07258987130995
6.4060256,12.902662,16.181676,14.915993,12.381853,0.166425069690932,-10.5185268890127
6.4472304,13.188321,15.721499,15.187140,11.473536,2.06909396383625,-14.4461790180587
6.4888592,16.044908,13.027549,16.739221,9.077127,6.14973258544856,-34.2050349806894
6.5172272,16.690904,12.653656,17.599411,8.738924,4.99500470770349,-38.4302265718001
6.548432,19.248187,13.027549,16.772031,8.748587,18.6106111204054,-40.1202342973355
6.6100864,22.752250,12.481090,18.506352,8.574654,21.6303580652955,-48.9844010648625
6.6401264,25.436421,11.388170,20.166872,8.449035,20.4637274459674,-56.9101668222962
6.6713584,26.715063,10.592448,20.951007,8.226788,19.7798104584974,-61.4872424654203
6.721232,28.149874,9.643334,21.098609,7.221842,24.326635240541,-67.8632410724913
6.7635776,29.272346,9.950119,21.135509,6.922290,29.2331199931959,-68.8472173917038
6.79376,30.746200,9.902184,21.919644,6.651728,31.0800460680884,-71.4983744308413
6.8338624,30.834045,9.767965,22.251748,6.613076,29.8865967126121,-72.2596969758374
6.8650144,30.326493,10.189794,22.242523,6.912627,28.6106192181438,-70.0568695733366
6.896384,29.125937,10.697906,21.403037,6.989931,29.5847525979135,-66.906813196052
6.9376704,27.778971,11.263539,20.305249,7.096223,31.2375060311691,-63.0237705993464
6.9873456,24.782460,11.608672,18.534027,7.550382,29.0230009625269,-56.1050082682075
7.0159024,22.234937,11.579911,17.445464,7.965888,24.0253204407111,-50.7801602167694
7.058608,19.794782,11.388170,16.430701,8.236451,18.5646936520612,-45.9099115789103
7.087224,17.657205,12.701591,16.982318,8.912857,10.4853066260998,-38.4202224076236
7.1197312,16.632340,15.040821,16.159528,9.637577,15.4426117271202,-28.1187553321293
7.1484912,16.369968,16.958223,15.159090,9.995106,23.5664153093353,-20.9440871075456
7.1997728,15.798650,17.568070,14.224101,10.381624,26.0247597708304,-16.1011664646317
7.2309872,14.350656,19.799467,12.728119,10.884097,32.8038437631235,-4.91017283350663
7.262656,13.198171,20.319496,11.849230,11.260952,33.0965105421194,1.12736367493676
7.301544,11.868381,20.707154,11.035789,11.666795,31.9745234845941,7.50491559940157
7.3323408,11.129608,21.198817,10.773993,12.236909,29.758804253443,11.7317860903006
7.3621232,10.725746,21.104267,10.568295,12.768371,26.6384250220538,13.9686291050482
7.3936848,10.164279,21.142087,10.661794,13.927924,19.321852586247,17.0258979064938
7.4336576,9.376255,20.962441,10.736593,14.845903,11.7202546192286,19.9719763011573
7.4648112,9.179249,21.435194,10.568295,16.082760,8.29066307669694,23.3514462438351
7.5038096,10.075626,21.737757,11.409785,16.536918,7.31481738055779,20.0030681051895
7.5562528,9.711165,21.132632,10.820742,15.396691,10.8597462989506,19.9359017599335
7.5886208,10.233231,21.860672,10.568295,16.218041,12.8222225031224,21.4263427484911
7.6486976,10.203680,22.030864,10.269099,16.401637,13.7557124404702,22.7330393365414
7.6888208,10.006674,22.134870,9.979252,17.425909,10.5270827750263,25.4507451118128
7.7186304,9.908171,22.286151,9.988602,17.599842,9.98646934060587,26.0929268107331
7.7634736,10.016524,22.645443,9.595907,17.648157,12.8868068099268,27.3312606044293
7.7909376,10.499189,22.938551,9.053613,17.425909,18.4487747879238,27.5721540344948
7.8322768,10.666644,23.070922,8.847916,17.280965,20.8224565753832,27.6546448429511
7.869584,10.774997,23.562586,8.071875,17.483887,25.0507028350438,30.2297526220431
7.9038336,10.518889,24.073159,7.183636,16.405943,34.2478955370794,32.6034037979966
7.9337824,10.509039,24.177165,6.921839,16.692418,34.4224487280816,33.8071559856431
7.963368,10.213530,24.328446,6.426295,16.826107,35.5977269364947,36.3309530700993
8.0034016,10.134728,24.460817,6.155148,16.864303,36.8060501683651,37.5114271880195
8.054768,10.174129,24.668829,5.940101,16.577828,39.8254983798459,37.9240148701752
8.0883728,10.577991,24.753925,6.080349,16.663770,40.2322251123235,36.5766270231211
8.1261712,10.577991,24.508093,6.211247,16.797459,38.3149142405372,36.0840134308219
8.1570912,10.774997,24.404087,6.220597,16.845205,38.3323875225549,35.4460327893653
8.186208,10.745446,24.290626,6.211247,16.854754,37.9094259965866,35.4351580616716
8.2173248,10.696195,24.318991,6.220597,16.940697,37.4200281901458,35.6766401231537
8.2724688,10.834099,24.073159,6.257997,16.759262,37.746870024808,34.6982278038634
8.311208,11.129608,23.562586,6.669392,16.625574,35.8590584011969,31.9914254936291
8.349928,11.277363,23.156017,6.931189,16.577828,34.1250877400527,30.3257991959248
8.3810688,11.277363,23.023646,7.043387,16.558730,33.3097334117103,29.8354107359285
8.4124288,11.523620,22.796725,7.192986,16.434590,33.2559337566389,28.3336550630807
8.4582928,11.819129,22.361791,7.501532,17.880067,25.2906278831518,28.017638958105
8.4937856,12.035836,22.059229,7.623080,17.580516,25.7693754236799,26.3879807491445
8.524976,12.410147,21.936313,7.969026,17.116695,27.0416272350901,23.7946682719336
8.554968,12.833710,21.889038,8.193424,16.933099,28.0201223389843,21.8710590149261
8.608736,13.050417,21.671571,8.249523,16.672199,28.8804042350317,20.5521267080899
8.6388176,13.040566,21.586475,8.343022,16.643211,28.3194636972904,20.1906289217094
8.6675184,13.188321,21.378464,8.427171,16.633548,27.8218730648731,19.3234068836653
8.7289488,13.119369,21.227183,8.483270,16.614222,26.9923572495253,19.1176186037783
8.7586256,13.158770,20.896255,8.801166,16.691525,24.4369525350027,17.8938326856233
8.7900432,13.286824,20.716609,9.044263,16.604559,23.6284942247261,16.6225865999905
8.8401504,13.454279,20.432957,9.502408,16.353322,22.4115680232204,14.3646759627622
8.873912,13.533081,20.026388,9.913803,16.150401,20.5226583960233,12.3148807492776
8.911216,13.651285,19.657641,10.156900,16.082760,19.0081714281383,10.8184730416153
8.9636496,13.808890,19.544180,10.259749,15.957142,19.2421383036971,9.85431283210779
8.992552,13.789189,19.657641,10.091451,16.044108,19.8729458440491,10.5929308949511
9.023888,13.808890,19.695461,10.091451,16.015119,20.1744234804654,10.5613191282966
9.0647584,13.887692,19.856197,10.184950,16.121412,20.1211588256947,10.5759110077046
9.0935792,13.759638,19.837287,10.082101,15.976468,20.6645237979127,10.8535924625005
9.1249232,13.897542,19.714371,10.100801,15.841186,21.1894973088269,10.0985947330642
9.15592,13.986195,19.723826,10.128850,15.802535,21.5432074841756,9.78726072515059
9.195144,14.222602,19.638730,10.371947,15.522309,22.1719865046358,8.13384834326908
9.2263824,14.183201,19.534725,10.465446,15.416017,21.773173231581,7.68095163938815
9.277336,14.242303,19.525270,10.586995,15.193769,22.3441911982811,6.90843237882125
9.325248,14.291554,19.657641,10.661794,15.039162,23.2434889444299,6.59654149897872
9.3711264,14.498411,19.582000,10.783343,14.942533,23.5501291956949,5.59356428812944
9.4036464,14.488560,19.600910,10.689844,14.816914,24.4856448048944,5.64923736625786
9.444952,14.616614,19.582000,10.727243,14.826577,24.6290736409322,5.26972750073891
9.4810656,14.547662,19.582000,10.615045,14.865229,24.720638913929,5.73142757479724
9.5148096,14.587063,19.875107,10.596345,14.845903,25.9053548941624,6.12576023439405
9.5685696,14.587063,19.960203,10.353248,14.855566,27.1403314757818,6.8153627642865
9.614984,14.567363,19.998023,10.110151,14.913544,27.9735630598691,7.55419226040184
9.666264,14.468860,20.054754,10.007302,15.039162,27.7500519448064,8.29473031718597
9.6964192,14.567363,20.083119,10.044701,15.155117,27.4929734393753,8.21562802643619
9.7262464,14.518111,20.007478,10.054051,15.290399,26.5070617603544,8.39849565640358
9.7672464,14.537812,19.837287,10.016652,15.358039,25.9190082749696,8.27770476900093
9.808968,14.459009,19.714371,9.904453,15.580287,24.8377125265834,8.86369434240121
9.8397536,14.439309,19.638730,9.904453,15.599613,24.4612812485681,8.82028907832003
9.8762896,14.409758,19.525270,9.979252,15.589950,23.7447299625546,8.52499744276998
9.9110512,14.439309,19.515814,10.007302,15.570624,23.7713510083934,8.34963728754539
9.9425488,14.567363,19.449629,10.203649,15.454669,23.6315213306863,7.3333998630121
9.9726592,14.567363,19.251072,10.297148,15.435343,22.7033407833069,6.77774687151873
10.026328,14.547662,19.440174,10.231699,15.493320,23.2649061702845,7.36102908224466
10.0558544,14.596914,19.222707,10.306498,15.473995,22.5090188537795,6.70749767227468
10.0847984,14.537812,19.440174,10.297148,15.696242,22.1313692059462,7.55750984903511
10.1270128,14.449159,19.506359,10.184950,15.754220,22.283055827055,8.20119583837401
10.1662528,14.301405,19.591455,9.997952,15.841186,22.4974354456114,9.2235520296725
10.208944,14.094548,19.619820,9.867054,16.218041,20.9278187403247,10.6159659545623
10.2573872,14.074848,19.761646,9.708105,16.459615,20.9760865135331,11.6065269461681
10.2873472,13.808890,19.723826,9.371509,16.759166,20.1662530115773,13.3929242987968
10.3184384,13.828590,19.733281,9.343460,16.826807,20.0975170090344,13.5267439046881
10.3658448,13.749788,19.733281,9.165812,17.068380,19.5867422237715,14.4838346337987
10.3998608,13.523231,19.790012,9.053613,17.251976,18.7541496541592,15.6348894111849
10.4308128,13.493680,19.837287,8.950764,17.280965,19.1110263208527,16.0603294898207
10.4726272,13.444429,19.979113,8.894665,17.416246,19.0853700343271,16.709476760538
10.511392,13.424728,20.026388,8.829216,17.377594,19.596292180765,16.9255264868191
10.5424912,13.326225,20.007478,8.801166,17.406583,19.2173762835383,17.243757051849
10.5737168,13.316375,20.073664,8.829216,17.474224,19.0086520293275,17.3900362336424
10.6250848,13.227722,20.064209,8.801166,17.570853,18.4165202779141,17.7941412518873
10.6648432,13.286824,20.139849,8.801166,17.667483,18.4572866137634,17.8943487367138
10.6986208,13.148920,20.149304,8.801166,17.706134,17.8901337554449,18.2938419599244
10.7364304,13.020866,20.007478,8.829216,17.793101,16.556990042097,18.4588312246758
10.7663616,13.040566,19.998023,8.829216,17.870404,16.279887410641,18.5060382136432
10.8063488,12.902662,19.969658,8.838566,17.947708,15.3926933387973,18.8859480692571
10.8486,12.853411,19.922383,8.960114,18.005685,14.3616089515117,18.7254676484963
10.8901376,12.814009,19.884562,8.894665,16.358197,21.1228663464136,16.5663361778892
10.9200368,12.666255,19.865652,8.866616,16.501434,20.0936908461467,17.1826886434261
10.9712224,12.636704,19.865652,8.922715,16.568279,19.4812623238519,17.214864371788
11.00264,12.656405,19.837287,8.978814,16.587377,19.1385528166745,17.0143299563463
11.032504,12.597303,19.875107,8.829216,16.558730,19.8149563367342,17.543734790344
11.0749136,12.597303,19.979113,8.754417,16.663770,20.0289623549808,18.0332450054628
11.1036624,12.557902,20.120939,8.707667,16.635123,20.6800330356734,18.4108822120909
11.1336608,12.508650,20.120939,8.632868,16.644672,20.7939734516037,18.7340769788338
11.1657888,12.479099,20.300586,8.595469,16.759262,20.9580138205953,19.3220986832338
11.204896,12.469249,20.291130,8.530020,16.768811,21.1302911355341,19.5107391085653
11.2368688,12.469249,20.385681,8.436521,16.730615,21.9923052455359,19.825353980381
11.266336,12.400297,20.338406,8.436521,16.730615,21.6153281972043,19.9319578686234
11.317232,12.331345,20.414046,8.343022,16.740164,21.9924831969212,20.4628380774717
11.3484368,12.459399,20.546417,8.361722,16.873852,22.1907612586133,20.4660939221478
11.3785824,12.370746,20.565328,8.268223,16.826107,22.562539426683,20.8854108225764
11.4211456,12.419997,20.527507,8.286922,16.730615,22.9250428736176,20.5266946293026
11.4601424,12.252542,20.688243,8.193424,16.826107,22.8949165948414,21.5465749537968
11.4973296,12.262393,20.707154,8.165374,16.845205,23.0256247129195,21.6456206336586
11.5411632,12.282093,20.726064,8.174724,16.816557,23.2318887941763,21.5581698749327
11.5725136,12.213141,20.744974,8.109275,16.778361,23.5120204501282,21.8742578364394
11.6026192,12.193440,20.782794,8.071875,16.988443,22.8361343302734,22.3619212208652
11.6362224,12.104788,20.848980,8.062525,16.883402,23.2496570588817,22.5596570412152
11.673904,12.124488,20.858435,7.978376,16.978893,23.2952874422827,22.8687766606827
11.7038848,12.065387,20.830070,7.987726,16.902500,23.2989544243765,22.8535588130566
11.7373776,12.016135,20.915165,7.940977,16.902500,23.6141194358171,23.2174783132404
11.7749936,12.035836,20.886800,8.062525,16.826107,23.3934374230339,22.7101223739455
11.8062432,12.124488,21.028626,8.240173,16.730615,23.7840797416019,22.0918665488734
11.8362144,12.183590,20.952986,8.371071,16.663770,23.4592376489396,21.4124202315479
11.8874768,12.203291,20.943530,8.361722,16.606475,23.774945857595,21.2936270194626
11.9386384,12.134339,20.896255,8.268223,16.501434,24.2491841758213,21.4950593109724
11.968784,12.173740,20.934075,8.277573,16.644672,23.8454681964265,21.6222324606057
12.0023696,12.183590,20.981351,8.240173,16.606475,24.3505116201263,21.7049238201563
12.0410096,12.065387,21.075901,8.258873,16.596926,24.2358206260688,22.0760246558161
12.0747536,12.193440,20.934075,8.258873,16.510984,24.5589615035142,21.4341398951959
12.11232,12.104788,20.971896,8.193424,16.577828,24.3902051325512,21.9726809760255
12.1633424,12.114638,20.981351,8.230823,16.587377,24.2513063936336,21.8781884578852
12.1949088,12.045686,20.990806,8.184074,16.587377,24.2604386889901,22.1873138916185
12.228624,12.025985,21.047536,8.156024,16.596926,24.4584234121356,22.4011516254403
12.2659856,11.996434,21.019171,8.314972,16.520533,23.919463001543,21.9250679865633
12.2983808,12.075237,21.113722,8.324322,16.453689,24.7204658709602,21.7383376731879
12.3271856,12.124488,21.142087,8.296272,16.415492,25.251512039988,21.670696950032
12.3684928,12.173740,21.075901,8.277573,16.367746,25.4826692738539,21.434725211722
12.4011456,12.213141,21.028626,8.324322,16.425041,25.0114802330557,21.2295779746446
12.4309248,12.282093,20.971896,8.371071,16.358197,25.1364497236123,20.7636559614113
12.462472,12.272243,20.839525,8.371071,18.005685,17.8176471387126,22.8563497704203
12.502376,12.351045,20.877345,8.473920,17.928382,18.0898824122589,22.3504311859594
12.5322912,12.351045,20.952986,8.455220,17.860741,18.6825368471932,22.4076532345223
12.564656,12.341195,20.990806,8.455220,17.831753,18.8898104242318,22.4439638531742
12.6033136,12.469249,21.028626,8.501970,17.667483,19.8973622659373,21.8404588597165
12.6446672,12.528351,20.990806,8.567419,17.657820,19.7380238602441,21.4685108430859
12.6761856,12.656405,21.009716,8.698318,17.493550,20.3401197592498,20.6349352660257
12.7073264,12.774608,20.848980,8.623518,17.358268,21.0632609705132,20.1241779798673
12.7573504,12.794309,20.848980,8.642218,17.290628,21.3263273957268,19.9370454345337
12.800016,12.833710,20.848980,8.726367,17.416246,20.5930942382152,19.8078680849157
12.84836,12.804159,20.603148,8.754417,17.319617,19.9981631115758,19.3384726093257
12.8810032,12.863261,20.584238,8.950764,17.338942,19.2478554428428,18.7174432167625
12.9122464,12.833710,20.546417,8.988164,17.309954,18.9985640600273,18.6052009678697
12.9548416,12.961764,20.536962,9.044263,17.290628,19.2279228830926,18.119963400063
12.9836656,12.892812,20.527507,9.100363,17.232650,18.9854697298169,18.0563360972171
13.0172736,12.843560,20.423501,9.100363,17.184335,18.690870279242,17.9608495397982
13.0634736,12.912512,20.442412,9.156462,17.203661,18.6665493527982,17.7131196338746
13.1049344,12.863261,20.414046,9.128412,17.242313,18.3748400793523,17.9139286276861
13.1371552,12.951914,20.319496,9.287360,17.165009,18.025702685956,17.0753076108623
13.1850832,13.001165,20.338406,9.287360,17.126358,18.4005045664412,16.9293080990894
13.2184992,13.178470,20.272220,9.371509,17.029728,18.806242810587,16.0734843624175
13.2599424,13.129219,20.073664,9.399559,16.884784,18.486124052211,15.6281009321606
13.2922672,13.119369,20.130394,9.465008,16.759166,18.8814359492917,15.3956627562996
13.3408,13.148920,20.130394,9.539807,16.836469,18.3587988781886,15.2604820580506
13.3910464,13.148920,20.206035,9.502408,16.759166,19.0664551338515,15.3466963228035
13.4322448,13.188321,20.215490,9.521108,16.788155,19.0290397506722,15.2649141475461
13.4637088,13.119369,20.139849,9.493058,16.730177,18.9156066769385,15.3005419624837
13.4935344,13.139069,20.168214,9.595907,16.826807,18.2606568597509,15.1919631304185
13.5262176,13.158770,20.102029,9.661356,16.875121,17.6523889962796,14.9649385226079
13.5751008,13.198171,19.960203,9.726805,16.836469,17.2147684562114,14.4544657841592
13.6147808,13.208021,19.780557,9.969902,16.623885,16.542812140024,13.2819335098862
13.6475136,13.306524,19.686006,10.072751,16.556244,16.4140525484477,12.5701951364359
13.6961904,13.296674,19.695461,10.063401,16.691525,15.9077427642312,12.8313162969878
13.7263296,13.345926,19.667096,10.119500,16.585233,16.1765245007126,12.3853431850608
13.7588368,13.316375,19.704916,10.063401,16.643211,16.1958050464069,12.7275180430246
13.8072752,13.385327,19.676551,10.026002,16.672199,16.3609904620809,12.6551900378967
13.8401008,13.306524,19.742736,9.857704,16.778492,16.568964725142,13.4874462092887
13.8800688,13.336075,19.761646,9.895103,16.797818,16.4981152854275,13.3878157975195
13.92992,13.237572,19.780557,9.839004,16.826807,16.3492006627918,13.8200382462206
13.9598816,13.267123,19.780557,9.782905,16.788155,16.8257919028948,13.8251590217279
13.993816,13.316375,19.761646,9.848354,16.855795,16.3893938929762,13.6286913114137
14.0472128,13.267123,19.827832,9.792254,16.768829,17.0188598031805,13.8445396862491
14.0822496,13.257273,19.752191,9.839004,16.807481,16.3987035261628,13.7033818197211
14.114592,13.247423,19.771101,9.782905,16.797818,16.6924718315771,13.8716939726021
14.1548672,13.139069,19.790012,9.820304,16.923436,15.7476797249538,14.2514255510923
14.1872624,13.247423,19.799467,9.801604,16.894447,16.321078484105,14.0122371411788
14.213824,13.188321,19.827832,9.764205,16.971751,16.0615952934141,14.3939592782987
14.2563248,13.119369,19.884562,9.689406,16.836469,16.8661483554147,14.617473325352
14.2873488,13.148920,19.988568,9.633306,16.933099,17.1347881512535,14.973579133983
14.3163408,13.119369,20.007478,9.595907,17.000739,16.9787699698171,15.2577213227982
14.347112,13.079967,19.979113,9.549157,17.020065,16.8700821394642,15.4486992935764
14.3973808,13.079967,20.007478,9.558507,16.962088,17.1577352563404,15.3835230857164
14.4537328,12.991315,20.111484,9.493058,17.107032,16.8872467589781,16.1095902178889
14.4998864,13.060267,20.139849,9.474358,17.087706,17.3541576984057,16.0030612400464
14.5323632,13.070117,20.149304,9.465008,17.029728,17.6875936169184,15.9320115504759
14.5687904,13.060267,20.177670,9.446309,17.058717,17.7056481055836,16.0824528432795
14.6174848,13.030716,20.139849,9.436959,17.020065,17.6825294636539,16.0650056448564
14.664896,13.030716,20.149304,9.465008,17.068380,17.4049067517462,16.0813748248937
14.6936624,12.942063,20.177670,9.465008,17.000739,17.4833622258327,16.2361870017445
14.7384896,13.050417,20.177670,9.474358,16.942762,18.0289622819019,15.8721090088164
14.7697184,13.129219,20.215490,9.539807,17.020065,17.8274827216017,15.695890623888
14.7975648,13.129219,20.139849,9.567857,16.962088,17.7052711038123,15.4366266793334
14.8275024,13.158770,20.045299,9.577207,16.952425,17.4974966994325,15.1935231000935
14.8788464,13.139069,19.903472,9.614607,16.875121,17.1370449128132,14.832107459817
14.9097056,13.158770,19.884562,9.623956,16.904110,16.9849305346384,14.7781609929462
14.9425744,13.276973,19.922383,9.708105,16.875121,17.2665593565248,14.3144519473965
14.9837008,13.247423,19.894017,9.754855,16.788155,17.2417526113271,14.1046198553969
15.0125824,13.306524,19.903472,9.736155,16.614222,18.241029992759,13.7669069753295
